0	1.04384e-07
1	1.47749e-07
2	6.74219e-08
3	1.34351e-07
4	1.85704e-06
5	1.20311e-07
6	4.26446e-08
7	1.8745e-07
8	2.29412e-07
9	6.2662e-09
10	8.61422e-08
11	1.36211e-06
12	2.29681e-06
13	3.26018e-07
14	1.14818e-07
15	9.67402e-07
16	1.56529e-06
17	3.30241e-05
18	0
19	3.6136e-06
20	1.78787e-06
21	3.61727e-07
22	2.14694e-07
23	1.25917e-06
24	1.03568e-05
25	5.99107e-07
26	3.96167e-07
27	5.48394e-07
28	2.1599e-05
29	1.16474e-07
30	1.0373e-06
31	0.000119097
32	7.32292e-08
33	1.78931e-06
34	1.56683e-06
35	6.82918e-07
36	4.36868e-06
37	1.14391e-05
38	6.06322e-07
39	1.37773e-07
40	4.66215e-06
41	4.05878e-07
42	6.81037e-08
43	8.3324e-07
44	1.03775e-06
45	4.80119e-07
46	2.26089e-07
47	6.62907e-08
48	5.27957e-07
49	5.93922e-07
50	3.97144e-07
51	9.7745e-07
52	4.67879e-10
53	6.46832e-10
54	6.37148e-07
55	1.28297e-06
56	2.10613e-06
57	3.07547e-06
58	1.21409e-06
59	6.35003e-07
60	0
61	1.83745e-08
62	2.09115e-07
63	1.88462e-08
64	3.27321e-06
65	5.87583e-08
66	5.585e-07
67	1.36894e-07
68	4.1108e-07
69	6.67956e-08
70	1.36468e-07
71	1.35845e-06
72	5.97123e-06
73	3.49631e-07
74	7.18658e-08
75	1.29474e-07
76	3.9259e-08
77	1.87514e-06
78	6.38394e-08
79	5.12707e-06
80	6.59112e-08
81	5.31705e-07
82	3.46155e-07
83	1.43505e-07
84	2.02572e-06
85	1.16214e-07
86	2.09318e-07
87	3.7961e-08
88	1.54367e-07
89	6.47757e-09
90	8.42387e-07
91	2.72228e-08
92	2.33521e-08
93	8.71438e-07
94	6.80295e-07
95	4.42979e-08
96	1.53665e-07
97	6.04972e-08
98	1.41005e-06
99	1.73967e-07
100	8.29684e-07
101	5.76919e-08
102	2.14203e-06
103	5.02378e-06
104	8.31007e-08
105	1.67908e-07
106	4.3485e-07
107	2.1612e-06
108	1.44645e-07
109	0.000170571
110	2.2264e-05
111	1.90877e-05
112	8.70321e-07
113	8.62624e-07
114	9.31289e-08
115	9.73877e-07
116	1.595e-05
117	9.7225e-07
118	3.40881e-07
119	1.52114e-07
120	0.000224482
121	9.30619e-06
122	2.60948e-07
123	3.38117e-07
124	2.0523e-05
125	6.20952e-07
126	1.1814e-07
127	1.13672e-05
128	7.12419e-07
129	6.86495e-05
130	5.43117e-06
131	8.20388e-07
132	3.20578e-07
133	3.93079e-07
134	5.42369e-06
135	8.16995e-08
136	5.79093e-07
137	1.81917e-07
138	6.41335e-07
139	5.41632e-06
140	7.22179e-08
141	4.07288e-07
142	4.39767e-07
143	7.23928e-05
144	2.30203e-07
145	5.41632e-06
146	7.50812e-07
147	1.13733e-06
148	4.14821e-05
149	6.78317e-07
150	3.58337e-07
151	2.52423e-06
152	5.17237e-07
153	8.90642e-08
154	8.05243e-07
155	2.40405e-06
156	2.58712e-08
157	4.88004e-09
158	1.11148e-06
159	2.86214e-06
160	1.19458e-07
161	1.09949e-08
162	2.33121e-07
163	1.34927e-08
164	5.95047e-08
165	7.34741e-07
166	3.73461e-08
167	4.0808e-08
168	1.43224e-07
169	9.53697e-09
170	2.91939e-07
171	6.43254e-08
172	6.86529e-08
173	1.91888e-07
174	1.87871e-08
175	3.65981e-08
176	3.85436e-08
177	1.1448e-06
178	6.1582e-07
179	1.83877e-08
180	1.17838e-07
181	1.40702e-08
182	1.76399e-05
183	4.986e-08
184	5.97496e-08
185	1.97243e-08
186	2.5057e-07
187	3.1082e-07
188	1.3528e-07
189	6.35591e-07
190	2.33719e-06
191	6.10244e-08
192	4.08083e-07
193	1.94033e-07
194	1.19464e-07
195	4.95887e-06
196	1.94373e-09
197	2.82921e-08
198	1.66797e-07
199	4.46333e-08
200	2.38655e-07
201	7.29618e-07
202	4.09115e-08
203	2.93464e-08
204	2.14535e-08
205	2.49197e-06
206	3.45481e-08
207	1.23748e-07
208	1.36358e-08
209	1.71072e-07
210	1.58586e-08
211	9.9793e-09
212	2.87531e-07
213	4.08619e-07
214	5.4859e-09
215	4.30527e-09
216	7.51232e-08
217	8.48954e-07
218	3.20368e-07
219	7.49902e-08
220	7.63738e-08
221	5.68249e-08
222	4.56638e-06
223	1.29244e-06
224	1.4302e-08
225	1.19087e-07
226	2.7783e-07
227	1.93091e-06
228	1.50467e-07
229	2.30313e-07
230	4.67253e-08
231	2.31009e-08
232	1.07748e-08
233	2.1198e-08
234	3.16496e-08
235	1.66194e-06
236	3.23294e-08
237	1.03826e-08
238	1.56949e-07
239	1.37435e-09
240	4.11044e-08
241	1.98342e-08
242	1.72515e-07
243	3.2952e-08
244	4.72034e-08
245	1.31172e-07
246	1.46716e-07
247	4.5671e-08
248	2.59492e-08
249	2.35034e-08
250	2.49939e-08
251	9.24076e-09
252	5.2493e-06
253	2.38672e-07
254	8.56185e-07
255	2.99396e-08
256	8.84055e-07
257	2.40153e-08
258	8.30572e-07
259	1.87916e-08
260	1.9371e-07
261	8.29726e-08
262	1.08598e-09
263	6.66462e-09
264	1.06089e-07
265	1.29099e-07
266	3.82953e-06
267	2.54068e-07
268	6.77544e-08
269	2.96327e-07
270	1.02939e-06
271	7.96453e-08
272	1.38629e-08
273	4.65481e-08
274	2.65572e-07
275	8.29847e-09
276	7.18358e-07
277	1.05863e-07
278	6.00071e-08
279	5.18422e-07
280	1.87163e-08
281	1.80682e-07
282	1.7405e-07
283	3.8727e-08
284	1.01478e-07
285	2.97435e-08
286	1.85984e-07
287	9.02742e-08
288	2.19703e-07
289	1.77396e-07
290	2.5661e-07
291	4.90448e-07
292	7.50648e-08
293	3.44732e-07
294	3.01818e-08
295	2.14996e-08
296	9.29343e-08
297	9.22519e-08
298	2.79258e-08
299	3.23674e-08
300	2.23172e-06
301	2.65485e-07
302	5.00775e-08
303	5.10123e-07
304	4.93537e-08
305	3.13401e-07
306	1.31956e-08
307	1.95601e-07
308	1.50795e-08
309	9.97265e-07
310	1.85154e-08
311	6.2412e-08
312	3.31131e-07
313	1.40332e-07
314	2.35486e-08
315	5.02169e-08
316	6.63617e-08
317	3.02943e-07
318	4.38752e-09
319	1.12779e-06
320	8.1743e-09
321	6.22679e-07
322	9.43035e-09
323	4.30908e-08
324	8.61133e-08
325	6.08371e-08
326	5.555e-08
327	6.1458e-07
328	1.08761e-07
329	0.000102744
330	1.30613e-08
331	2.19545e-06
332	2.88714e-06
333	3.20163e-07
334	2.61052e-06
335	3.1198e-08
336	1.15572e-06
337	1.66546e-07
338	3.60439e-07
339	2.23634e-07
340	7.48933e-08
341	3.77739e-07
342	1.84165e-07
343	3.15399e-06
344	6.70506e-07
345	1.25803e-08
346	5.87206e-07
347	2.19154e-07
348	8.52845e-08
349	1.54101e-07
350	8.44084e-07
351	5.07001e-08
352	7.43147e-07
353	5.1399e-08
354	4.08992e-08
355	3.07168e-07
356	2.76478e-08
357	3.24758e-07
358	1.9346e-07
359	9.1729e-08
360	2.46177e-07
361	2.12546e-08
362	1.91186e-07
363	4.00281e-08
364	1.4196e-07
365	7.78425e-08
366	9.0033e-09
367	1.71659e-08
368	7.66739e-08
369	2.20971e-08
370	7.59666e-08
371	4.94987e-07
372	1.52391e-08
373	7.36488e-08
374	4.63532e-08
375	2.37966e-06
376	1.16429e-07
377	4.63279e-07
378	2.61567e-07
379	1.77662e-08
380	4.44288e-08
381	1.50167e-08
382	6.33693e-07
383	4.49909e-07
384	1.21076e-08
385	7.3658e-07
386	1.19642e-08
387	1.91314e-07
388	2.28298e-07
389	4.47228e-07
390	2.66631e-07
391	6.27856e-08
392	2.34128e-08
393	1.71884e-08
394	1.88009e-08
395	8.04842e-08
396	7.11261e-08
397	2.51026e-07
398	9.64409e-07
399	1.9e-07
400	1.32399e-07
401	5.07355e-07
402	8.22041e-08
403	1.76017e-06
404	2.15766e-07
405	8.9383e-08
406	1.56621e-07
407	3.44547e-07
408	1.26574e-07
409	1.25359e-07
410	1.61587e-07
411	1.5207e-07
412	8.36838e-07
413	2.92424e-06
414	1.70988e-07
415	6.36717e-08
416	3.64493e-07
417	5.03224e-07
418	2.07418e-07
419	1.84638e-05
420	1.07346e-07
421	1.35783e-06
422	1.76115e-07
423	5.28576e-08
424	4.34828e-08
425	1.68029e-06
426	2.17276e-07
427	3.23789e-08
428	1.53867e-07
429	1.21203e-07
430	9.06595e-07
431	4.55999e-07
432	9.02226e-06
433	8.76532e-07
434	2.29414e-07
435	2.10528e-06
436	1.1647e-06
437	1.1491e-08
438	1.98153e-07
439	9.28251e-08
440	7.14834e-08
441	1.18827e-08
442	7.70195e-07
443	2.36031e-07
444	2.95285e-07
445	4.16029e-07
446	9.98477e-08
447	4.13328e-08
448	1.78438e-05
449	1.3121e-07
450	2.04319e-07
451	4.3735e-08
452	1.37906e-07
453	1.01245e-05
454	2.53123e-07
455	6.17177e-06
456	1.2676e-07
457	1.42175e-07
458	3.57253e-07
459	1.49504e-07
460	1.23618e-06
461	5.81474e-07
462	2.44922e-06
463	2.20185e-07
464	2.32162e-08
465	2.73649e-07
466	1.62843e-06
467	1.25485e-06
468	1.08946e-07
469	2.17919e-07
470	3.78119e-07
471	1.19686e-06
472	1.17496e-06
473	1.87931e-07
474	2.00356e-06
475	9.30332e-06
476	4.41287e-07
477	9.60957e-07
478	5.57616e-07
479	7.80264e-06
480	2.47635e-07
481	3.78657e-07
482	1.23298e-07
483	2.71789e-07
484	9.79412e-08
485	5.18061e-08
486	9.92836e-08
487	2.19066e-07
488	2.43637e-07
489	9.06207e-07
490	4.14011e-08
491	6.25961e-07
492	1.23019e-05
493	1.39064e-05
494	2.96224e-07
495	6.93485e-08
496	4.27249e-08
497	1.61844e-07
498	7.96381e-08
499	3.03679e-06
500	1.80287e-07
501	5.45909e-08
502	2.38911e-09
503	1.76205e-07
504	2.02154e-07
505	4.47934e-07
506	3.25331e-08
507	1.5738e-07
508	4.66942e-07
509	3.78104e-06
510	2.73117e-08
511	3.41916e-07
512	7.84814e-08
513	7.73808e-09
514	7.17564e-06
515	2.77927e-06
516	5.10688e-08
517	1.35742e-07
518	4.17519e-07
519	2.15153e-07
520	6.20051e-07
521	9.52237e-07
522	1.05268e-05
523	1.9734e-09
524	6.45124e-08
525	1.29646e-07
526	2.30694e-06
527	2.52551e-08
528	8.06545e-09
529	9.12367e-09
530	1.66825e-08
531	1.16948e-07
532	5.40756e-09
533	1.92902e-08
534	6.10684e-08
535	1.33824e-06
536	5.28072e-08
537	2.08426e-08
538	2.41428e-09
539	8.21597e-08
540	4.10151e-08
541	8.46463e-09
542	8.51788e-08
543	5.15356e-08
544	1.02125e-08
545	5.19691e-08
546	9.27567e-09
547	8.95583e-09
548	9.00234e-06
549	4.53457e-07
550	1.00706e-07
551	3.85127e-09
552	7.58957e-07
553	7.1119e-08
554	4.89757e-07
555	1.34361e-08
556	4.44693e-08
557	1.10838e-07
558	1.74461e-07
559	7.85816e-08
560	8.76881e-08
561	5.83196e-09
562	1.41478e-07
563	3.56638e-07
564	1.16496e-07
565	4.21067e-08
566	3.68798e-08
567	2.89668e-08
568	7.70833e-08
569	3.50528e-08
570	8.83111e-07
571	3.23919e-08
572	3.0116e-08
573	1.65907e-08
574	3.3678e-06
575	2.67113e-08
576	5.35165e-09
577	1.84703e-08
578	6.15561e-08
579	6.30048e-06
580	2.92793e-08
581	1.58108e-06
582	1.61113e-06
583	8.70298e-09
584	3.90492e-09
585	1.51141e-06
586	4.45419e-08
587	2.88404e-08
588	6.72429e-08
589	8.38356e-08
590	3.91186e-08
591	1.2111e-06
592	2.13629e-06
593	1.02902e-06
594	1.36191e-08
595	1.82238e-07
596	1.47641e-09
597	8.44793e-07
598	5.63902e-08
599	1.73581e-08
600	1.94447e-07
601	2.31225e-08
602	2.39188e-08
603	1.27708e-07
604	4.1772e-07
605	1.10329e-05
606	9.92658e-07
607	1.90994e-08
608	2.62848e-06
609	4.49147e-07
610	1.58307e-07
611	3.90066e-07
612	5.14588e-07
613	3.22279e-07
614	2.61581e-07
615	8.9498e-07
616	1.45888e-07
617	5.1433e-06
618	1.60679e-06
619	1.73533e-07
620	8.73066e-07
621	2.98479e-06
622	5.85111e-07
623	4.14422e-06
624	1.01719e-06
625	6.67183e-07
626	3.91867e-07
627	2.07523e-07
628	3.70908e-07
629	7.03467e-07
630	2.43023e-07
631	1.40553e-06
632	8.26993e-07
633	2.375e-07
634	2.26159e-07
635	1.39021e-07
636	1.38539e-07
637	9.39525e-06
638	1.65656e-07
639	9.5485e-06
640	3.77066e-07
641	2.20187e-08
642	5.37834e-07
643	1.86215e-06
644	4.99874e-06
645	6.43585e-07
646	1.82679e-06
647	3.46239e-05
648	4.79648e-06
649	7.01361e-07
650	5.0738e-08
651	2.33267e-07
652	5.62825e-08
653	2.75779e-06
654	4.46842e-08
655	5.40914e-07
656	3.48473e-07
657	4.89484e-06
658	6.37009e-07
659	2.98875e-08
660	2.72086e-07
661	1.00043e-06
662	7.47685e-08
663	5.79321e-07
664	2.29789e-06
665	1.05831e-07
666	7.0913e-06
667	7.82664e-07
668	3.58493e-06
669	4.24138e-08
670	9.7941e-07
671	8.46211e-07
672	5.09194e-08
673	1.3502e-07
674	1.37276e-07
675	1.6587e-08
676	1.80182e-07
677	9.22096e-07
678	5.23085e-06
679	4.87658e-07
680	8.6907e-07
681	1.43639e-07
682	1.82259e-07
683	4.51623e-08
684	0.00172977
685	1.31688e-07
686	2.42254e-06
687	0.000105298
688	5.4737e-05
689	6.6619e-07
690	1.67445e-07
691	1.07743e-07
692	9.11985e-07
693	1.702e-07
694	2.50858e-07
695	5.74354e-06
696	3.01867e-08
697	2.21014e-05
698	3.94615e-06
699	1.59536e-07
700	3.15521e-07
701	4.50835e-06
702	4.84886e-07
703	4.42062e-06
704	5.20453e-06
705	4.77645e-07
706	5.94333e-06
707	3.77443e-07
708	3.6425e-07
709	1.49071e-06
710	4.65068e-06
711	9.66481e-07
712	3.04734e-07
713	4.15223e-07
714	2.80553e-06
715	2.16368e-06
716	2.08625e-07
717	6.70841e-07
718	2.88747e-07
719	6.01577e-07
720	1.05506e-05
721	2.55959e-07
722	6.70162e-06
723	6.126e-07
724	3.95835e-06
725	3.86987e-07
726	1.20952e-06
727	4.85905e-07
728	3.44329e-08
729	5.42642e-07
730	9.96053e-09
731	6.13364e-06
732	4.30162e-07
733	2.15129e-08
734	8.24237e-08
735	9.31908e-07
736	4.67936e-07
737	3.65406e-07
738	4.84571e-07
739	1.37897e-06
740	2.45066e-07
741	2.97802e-06
742	3.14451e-06
743	0.000272726
744	5.1689e-08
745	3.2098e-06
746	2.288e-08
747	5.02238e-08
748	4.32514e-08
749	7.3897e-08
750	2.01226e-06
751	1.23963e-06
752	7.04333e-07
753	1.08407e-07
754	9.8339e-07
755	2.48064e-06
756	5.20639e-08
757	1.08355e-07
758	2.04383e-07
759	3.24034e-07
760	1.65196e-05
761	1.03739e-07
762	4.31339e-07
763	1.49823e-08
764	3.2894e-08
765	1.66852e-07
766	6.00536e-07
767	4.34345e-06
768	2.50457e-08
769	2.24525e-06
770	1.74756e-07
771	1.69305e-06
772	2.90299e-07
773	5.61613e-08
774	5.9651e-08
775	2.93036e-07
776	3.3338e-06
777	1.73303e-07
778	6.89273e-07
779	7.7319e-07
780	1.74837e-08
781	1.91386e-06
782	3.20783e-08
783	6.51658e-08
784	6.50045e-07
785	1.75537e-06
786	1.21021e-08
787	6.8057e-06
788	6.81452e-06
789	5.37473e-06
790	1.73819e-06
791	4.7694e-06
792	8.51497e-07
793	5.3316e-07
794	4.3848e-07
795	1.60145e-06
796	3.1671e-06
797	1.43298e-07
798	5.47208e-07
799	1.86184e-06
800	9.80361e-07
801	2.01039e-06
802	1.14636e-06
803	1.20406e-06
804	1.05579e-06
805	1.01587e-05
806	9.59948e-07
807	2.44028e-07
808	2.06269e-06
809	3.85151e-07
810	0.000193042
811	1.15061e-06
812	8.41022e-06
813	7.82379e-07
814	2.62735e-06
815	6.08192e-06
816	7.93236e-07
817	7.68042e-07
818	9.27482e-07
819	1.42309e-06
820	6.77891e-07
821	2.39548e-06
822	2.98322e-06
823	4.65654e-05
824	1.33704e-07
825	4.04912e-07
826	5.99306e-07
827	1.43155e-06
828	1.16798e-06
829	2.43212e-07
830	5.65414e-06
831	2.32459e-06
832	1.56595e-07
833	8.20207e-07
834	7.47795e-07
835	1.22642e-06
836	1.22533e-06
837	1.57112e-06
838	2.72383e-06
839	4.30717e-05
840	1.15585e-06
841	5.79397e-07
842	4.14332e-06
843	1.41678e-05
844	1.26676e-07
845	4.76452e-06
846	3.93686e-07
847	4.4493e-06
848	5.39389e-06
849	1.3615e-07
850	1.06483e-05
851	2.23974e-05
852	3.16448e-07
853	2.67353e-06
854	1.2486e-07
855	2.57565e-07
856	2.62653e-06
857	2.79637e-07
858	6.69754e-05
859	1.48722e-06
860	7.28321e-08
861	1.66635e-06
862	5.46893e-06
863	1.89867e-06
864	1.61785e-06
865	3.30759e-07
866	9.35104e-07
867	1.14756e-07
868	2.69046e-06
869	7.03644e-06
870	1.32061e-06
871	1.06478e-06
872	1.24309e-05
873	2.22115e-07
874	1.3965e-06
875	5.17416e-06
876	1.16443e-06
877	1.03293e-05
878	3.02742e-06
879	6.37599e-07
880	6.32984e-07
881	1.64438e-07
882	6.58311e-08
883	8.74417e-07
884	2.95074e-07
885	2.50022e-07
886	2.66253e-07
887	9.2482e-08
888	2.3248e-08
889	3.47125e-07
890	2.08326e-07
891	2.99148e-07
892	2.25424e-07
893	5.81637e-07
894	4.4679e-07
895	1.55113e-06
896	7.4822e-08
897	8.46893e-08
898	4.73291e-06
899	3.784e-07
900	2.7523e-06
901	3.09604e-09
902	3.49003e-08
903	8.91404e-07
904	2.07627e-07
905	5.24241e-07
906	6.1687e-08
907	5.37791e-08
908	8.4457e-08
909	1.10979e-07
910	3.8869e-07
911	0.00247331
912	9.17198e-07
913	3.71884e-07
914	1.09744e-08
915	1.13578e-07
916	6.34081e-07
917	4.89368e-07
918	5.8286e-07
919	7.71634e-07
920	1.17737e-08
921	1.12417e-06
922	5.01888e-09
923	3.59125e-06
924	6.03895e-07
925	1.89017e-06
926	6.28524e-07
927	1.73972e-06
928	1.98814e-07
929	1.17057e-06
930	1.43773e-07
931	6.46373e-06
932	1.17838e-06
933	5.37234e-06
934	3.72161e-07
935	4.93723e-07
936	5.9382e-07
937	2.31099e-07
938	3.79256e-07
939	3.43471e-05
940	3.83656e-06
941	1.24226e-06
942	7.86245e-07
943	2.07774e-06
944	3.85228e-07
945	3.206e-07
946	7.67818e-07
947	2.46098e-06
948	7.47022e-07
949	1.17704e-07
950	1.49967e-07
951	5.70407e-07
952	5.06893e-05
953	9.48519e-08
954	8.50386e-07
955	9.69081e-09
956	2.78252e-05
957	2.46483e-07
958	4.85746e-06
959	5.38888e-05
960	5.18884e-07
961	1.11249e-06
962	2.45818e-07
963	2.07563e-07
964	3.64432e-06
965	3.0365e-08
966	5.39928e-07
967	3.43182e-07
968	1.86538e-08
969	4.35544e-07
970	3.6012e-07
971	1.87104e-05
972	2.87053e-06
973	7.03938e-06
974	6.24345e-06
975	2.15103e-07
976	1.3383e-06
977	4.04851e-08
978	1.78698e-05
979	3.59433e-07
980	9.62125e-07
981	7.69583e-08
982	4.44635e-08
983	4.53226e-07
984	9.96758e-08
985	5.00704e-07
986	5.11348e-07
987	1.65239e-06
988	2.41242e-07
989	1.43939e-06
990	2.63037e-06
991	1.99958e-06
992	5.86152e-08
993	4.29278e-07
994	6.98465e-07
995	6.81487e-07
996	2.00846e-05
997	9.29002e-08
998	1.28472e-07
999	2.03282e-07
1000	3.58447e-07
1001	8.22952e-08
1002	2.9358e-07
1003	1.1418e-06
1004	1.84852e-07
1005	1.12873e-07
1006	4.05411e-07
1007	5.21154e-05
1008	2.96935e-07
1009	1.378e-07
1010	1.19847e-07
1011	1.2928e-07
1012	2.22436e-07
1013	3.69103e-07
1014	6.11431e-08
1015	8.43736e-08
1016	5.05752e-07
1017	1.14695e-07
1018	5.01432e-07
1019	3.36611e-08
1020	1.93641e-06
1021	3.90519e-08
1022	3.44494e-07
1023	5.72079e-07
1024	2.26965e-06
1025	5.24094e-06
1026	5.71585e-08
1027	9.89196e-09
1028	2.57952e-07
1029	1.42905e-06
1030	1.59204e-06
1031	1.16686e-06
1032	1.92134e-07
1033	4.22554e-07
1034	1.77308e-07
1035	8.41157e-08
1036	2.82773e-07
1037	1.34858e-05
1038	3.32348e-07
1039	3.62543e-07
1040	2.78745e-07
1041	7.17847e-07
1042	1.58291e-07
1043	1.16513e-06
1044	3.01553e-06
1045	6.75718e-07
1046	1.58339e-07
1047	5.45328e-07
1048	1.01269e-07
1049	2.45121e-06
1050	1.17124e-06
1051	6.52673e-08
1052	2.743e-07
1053	3.15718e-06
1054	1.81007e-07
1055	1.98928e-07
1056	1.006e-07
1057	3.04229e-07
1058	1.2115e-07
1059	6.11888e-07
1060	3.82685e-07
1061	1.00684e-07
1062	1.06196e-07
1063	1.00059e-07
1064	2.37634e-08
1065	2.58776e-06
1066	1.97406e-07
1067	1.12069e-07
1068	4.00513e-07
1069	8.7401e-07
1070	3.3308e-07
1071	2.64675e-07
1072	6.09896e-08
1073	1.57697e-08
1074	4.95809e-05
1075	2.1325e-06
1076	1.35135e-07
1077	2.74549e-07
1078	2.3628e-06
1079	5.4769e-08
1080	5.94214e-08
1081	1.1535e-07
1082	3.08024e-07
1083	2.13226e-06
1084	2.16346e-07
1085	1.12455e-07
1086	9.43287e-08
1087	1.12534e-06
1088	3.69092e-07
1089	6.39369e-06
1090	1.4886e-07
1091	7.59622e-07
1092	1.51273e-07
1093	2.12423e-07
1094	2.79928e-07
1095	4.07222e-06
1096	4.35e-07
1097	1.01083e-05
1098	1.01206e-06
1099	1.14096e-06
1100	2.42329e-07
1101	1.75357e-07
1102	1.54944e-06
1103	1.08049e-06
1104	9.39997e-07
1105	1.08483e-05
1106	2.41915e-07
1107	1.83833e-06
1108	1.55027e-06
1109	1.76225e-07
1110	5.23853e-07
1111	5.88532e-07
1112	2.25707e-07
1113	1.30687e-06
1114	1.15919e-07
1115	1.37971e-07
1116	2.17143e-06
1117	7.63356e-07
1118	4.38821e-07
1119	9.17564e-07
1120	1.35109e-06
1121	3.44267e-06
1122	3.70664e-07
1123	4.30123e-07
1124	1.24399e-07
1125	1.07497e-07
1126	3.23913e-07
1127	1.55968e-06
1128	4.68048e-05
1129	3.18668e-07
1130	2.23708e-06
1131	4.19045e-08
1132	3.80461e-07
1133	3.2163e-05
1134	4.65592e-08
1135	1.32593e-06
1136	1.20445e-05
1137	6.07248e-08
1138	5.15017e-07
1139	1.51062e-07
1140	3.82687e-07
1141	1.29409e-06
1142	1.78383e-07
1143	9.69963e-07
1144	7.20853e-07
1145	6.02574e-07
1146	8.3878e-07
1147	2.66103e-07
1148	2.1344e-06
1149	1.74616e-06
1150	2.09422e-07
1151	2.45805e-07
1152	6.83461e-08
1153	6.3495e-08
1154	2.71617e-07
1155	1.20355e-07
1156	3.19292e-07
1157	9.00803e-08
1158	2.64958e-07
1159	1.02308e-06
1160	3.0682e-05
1161	3.76379e-05
1162	3.02235e-05
1163	2.53049e-05
1164	6.71676e-05
1165	1.84001e-07
1166	1.66833e-05
1167	2.69436e-05
1168	1.66228e-05
1169	1.49169e-05
1170	1.66654e-05
1171	2.42808e-05
1172	1.56619e-05
1173	3.82913e-05
1174	0.00125733
1175	1.38909e-05
1176	1.07529e-05
1177	4.34106e-06
1178	5.60903e-07
1179	8.46231e-05
1180	4.71246e-06
1181	3.17744e-05
1182	0.000111051
1183	3.49895e-05
1184	6.70251e-06
1185	6.70947e-05
1186	3.22502e-07
1187	9.59087e-07
1188	2.80544e-08
1189	2.89595e-06
1190	3.75706e-09
1191	1.38884e-06
1192	6.36199e-06
1193	1.59918e-05
1194	0.000310474
1195	4.35432e-05
1196	2.009e-05
1197	0.000437883
1198	0.00159334
1199	2.60432e-06
1200	7.54616e-05
1201	3.51996e-05
1202	0.000173927
1203	0.000113409
1204	5.35235e-06
1205	2.26035e-06
1206	0.00115863
1207	6.03969e-06
1208	3.60116e-07
1209	2.01853e-06
1210	4.86062e-05
1211	7.30959e-08
1212	7.6295e-08
1213	5.03716e-05
1214	1.37147e-06
1215	3.9305e-07
1216	6.05008e-06
1217	0.000106348
1218	0.0045944
1219	0.000284609
1220	9.45209e-06
1221	8.41326e-06
1222	2.41212e-06
1223	1.69914e-06
1224	3.4394e-06
1225	1.7875e-06
1226	7.6788e-06
1227	2.86445e-06
1228	4.04714e-05
1229	0.00120498
1230	2.40805e-07
1231	1.57614e-05
1232	0.000157559
1233	8.66753e-06
1234	3.07856e-05
1235	5.40174e-07
1236	9.34388e-08
1237	5.10358e-07
1238	3.77666e-07
1239	2.36996e-07
1240	5.39718e-07
1241	7.27861e-05
1242	0.00747493
1243	0.000202246
1244	3.46925e-05
1245	8.48938e-05
1246	2.15654e-05
1247	8.6992e-06
1248	9.22288e-06
1249	0.000410693
1250	2.63523e-05
1251	2.61105e-06
1252	6.34085e-05
1253	1.11544e-06
1254	0.000937596
1255	0.0175738
1256	0.00998077
1257	0.000534257
1258	0.108803
1259	4.09607e-05
1260	0.00472024
1261	0.249905
1262	0.000320277
1263	5.76619e-05
1264	0.0277619
1265	0.000112376
1266	0.000533904
1267	3.56916e-05
1268	3.59705e-05
1269	0.00125406
1270	0.0304496
1271	0.000669931
1272	0.000116017
1273	0.0214068
1274	8.4235e-05
1275	8.72522e-06
1276	0.000548632
1277	0.000143458
1278	0.000640829
1279	0.000354739
1280	6.46892e-05
1281	0.000808522
1282	9.70636e-05
1283	0.018699
1284	2.76529e-05
1285	0.000255383
1286	0.000573824
1287	0.00412483
1288	1.81261e-06
1289	0.000129455
1290	0.00081088
1291	0.000487327
1292	5.30038e-05
1293	0.000183626
1294	1.4758e-06
1295	6.66343e-05
1296	0.000132812
1297	8.19995e-06
1298	4.12048e-06
1299	0.000195165
1300	7.79854e-05
1301	3.87751e-06
1302	0.000213892
1303	0.0680581
1304	0.00138272
1305	2.72332e-05
1306	0.000428753
1307	0.000693457
1308	0.000139748
1309	0.00016393
1310	7.3566e-05
1311	0.0072703
1312	2.80985e-05
1313	0.000329163
1314	0.0124989
1315	2.6146e-05
1316	2.44138e-05
1317	0
1318	3.54753e-06
1319	4.97533e-08
1320	3.46972e-05
1321	1.5155e-07
1322	2.71808e-06
1323	1.06594e-07
1324	3.80384e-06
1325	6.45637e-07
1326	1.32794e-06
1327	8.19863e-06
1328	7.80888e-06
1329	4.42148e-07
1330	4.82669e-07
1331	0.000340576
1332	1.60764e-06
1333	1.23247e-05
1334	1.01008e-06
1335	4.16927e-05
1336	9.28491e-06
1337	1.12338e-06
1338	6.12144e-06
1339	3.22817e-05
1340	2.25795e-07
1341	1.72948e-05
1342	3.43121e-06
1343	1.79669e-05
1344	1.29875e-05
1345	1.00091e-06
1346	1.99321e-06
1347	1.69127e-06
1348	8.85054e-07
1349	1.46318e-06
1350	9.73704e-06
1351	3.26314e-06
1352	1.03986e-07
1353	3.1433e-06
1354	1.51547e-06
1355	2.35765e-06
1356	3.88313e-07
1357	4.75539e-06
1358	2.11647e-05
1359	5.20823e-06
1360	6.50619e-07
1361	2.21635e-06
1362	9.4148e-06
1363	5.60943e-06
1364	8.99956e-06
1365	5.0241e-06
1366	2.446e-05
1367	4.16788e-05
1368	5.68167e-06
1369	4.28569e-06
1370	3.17151e-06
1371	7.69755e-05
1372	2.95758e-06
1373	5.17722e-06
1374	0.000186968
1375	1.23033e-05
1376	3.86169e-08
1377	2.52929e-08
1378	2.3269e-07
1379	1.72139e-07
1380	2.25339e-09
1381	2.25339e-09
1382	5.74782e-09
1383	1.00922e-07
1384	2.85913e-07
1385	1.27911e-08
1386	2.75886e-08
1387	3.34537e-07
1388	5.4297e-07
1389	9.45487e-08
1390	2.10209e-07
1391	3.07915e-07
1392	4.99777e-07
1393	2.41539e-07
1394	3.65251e-07
1395	9.68888e-08
1396	4.27188e-08
1397	1.03619e-07
1398	3.81037e-07
1399	8.27724e-07
1400	6.10881e-08
1401	2.1271e-07
1402	4.52418e-08
1403	5.38262e-07
1404	6.14725e-09
1405	1.05522e-06
1406	1.31096e-07
1407	7.31379e-06
1408	8.24264e-08
1409	6.00832e-07
1410	9.78411e-09
1411	2.28589e-08
1412	9.46787e-08
1413	5.56513e-07
1414	4.70052e-08
1415	2.53991e-07
1416	8.66083e-09
1417	7.78527e-06
1418	6.76903e-09
1419	3.97292e-07
1420	1.66859e-09
1421	1.64226e-06
1422	2.87269e-08
1423	3.53212e-07
1424	2.48003e-08
1425	1.24874e-08
1426	5.42532e-08
1427	1.50404e-06
1428	6.8571e-06
1429	1.78961e-06
1430	3.63742e-06
1431	2.36243e-09
1432	2.49496e-05
1433	4.44101e-07
1434	1.18487e-07
1435	1.8484e-06
1436	1.84963e-06
1437	1.04361e-05
1438	8.53132e-07
1439	1.51533e-06
1440	4.0986e-06
1441	4.03011e-06
1442	4.45471e-05
1443	3.26912e-05
1444	2.16881e-05
1445	5.67369e-07
1446	2.16186e-06
1447	1.52286e-06
1448	0.000185805
1449	1.40582e-06
1450	7.71783e-08
1451	8.28704e-07
1452	2.97648e-07
1453	1.22547e-05
1454	3.51231e-05
1455	6.5154e-08
1456	6.47026e-07
1457	8.1537e-05
1458	2.46862e-05
1459	5.91316e-05
1460	2.32428e-06
1461	8.20186e-07
1462	1.90985e-07
1463	9.98692e-07
1464	7.28416e-06
1465	0.00013476
1466	3.76546e-06
1467	2.09283e-06
1468	5.90693e-07
1469	0.00192405
1470	3.23068e-05
1471	1.91956e-06
1472	4.07405e-05
1473	2.51488e-06
1474	1.74804e-06
1475	2.50396e-07
1476	4.83373e-06
1477	9.77199e-06
1478	1.09956e-05
1479	9.05924e-07
1480	6.90679e-07
1481	1.44517e-05
1482	9.35685e-06
1483	6.02138e-05
1484	9.82135e-07
1485	5.45078e-06
1486	3.09188e-06
1487	1.00638e-05
1488	9.51445e-07
1489	1.00422e-06
1490	2.88804e-06
1491	5.13809e-06
1492	3.3604e-07
1493	1.02802e-06
1494	1.32378e-06
1495	1.91952e-07
1496	4.83797e-06
1497	4.33864e-05
1498	5.78363e-07
1499	1.74346e-06
1500	7.11206e-06
1501	1.00795e-05
1502	1.91125e-06
1503	4.17038e-06
1504	1.50431e-05
1505	1.92538e-05
1506	2.05635e-06
1507	4.68957e-06
1508	4.06213e-06
1509	2.18089e-07
1510	4.50459e-06
1511	1.32787e-06
1512	1.84558e-06
1513	1.71297e-05
1514	3.94551e-06
1515	5.06863e-06
1516	4.20674e-06
1517	2.32001e-06
1518	7.03949e-06
1519	7.54568e-07
1520	5.0648e-06
1521	8.74201e-07
1522	1.12207e-05
1523	7.5256e-07
1524	1.00324e-05
1525	1.22941e-05
1526	2.05157e-06
1527	3.01652e-06
1528	2.67595e-06
1529	1.05942e-05
1530	2.35258e-06
1531	2.03555e-06
1532	5.24739e-06
1533	9.38884e-07
1534	2.38196e-06
1535	1.36392e-06
1536	1.1429e-05
1537	4.74069e-06
1538	1.11284e-06
1539	2.07618e-06
1540	5.92171e-06
1541	5.32798e-06
1542	3.38192e-05
1543	2.41211e-07
1544	1.83674e-05
1545	4.10976e-06
1546	2.44527e-06
1547	2.61873e-06
1548	4.15491e-05
1549	6.07883e-06
1550	7.99269e-07
1551	9.14164e-07
1552	2.29905e-07
1553	5.23152e-05
1554	4.32143e-05
1555	0.000531061
1556	3.34163e-10
1557	8.69477e-07
1558	3.31267e-09
1559	3.72494e-05
1560	7.80702e-06
1561	3.59845e-06
1562	5.60629e-06
1563	1.22252e-05
1564	1.93587e-06
1565	3.73943e-07
1566	2.188e-06
1567	4.43914e-06
1568	4.85316e-06
1569	2.10022e-05
1570	3.20784e-06
1571	3.2814e-05
1572	5.29465e-07
1573	1.40575e-07
1574	1.51883e-06
1575	1.10075e-06
1576	1.65154e-07
1577	5.33102e-06
1578	6.95621e-07
1579	3.61463e-06
1580	7.71343e-07
1581	2.45379e-08
1582	1.59003e-07
1583	8.2931e-07
1584	6.95422e-06
1585	8.54492e-07
1586	7.79514e-06
1587	1.10454e-05
1588	1.26256e-06
1589	6.75757e-07
1590	1.86026e-06
1591	1.28151e-07
1592	1.64281e-06
1593	1.51038e-07
1594	2.65404e-06
1595	1.6306e-07
1596	4.243e-06
1597	4.6231e-08
1598	2.48857e-09
1599	1.07615e-06
1600	3.29999e-08
1601	7.52057e-08
1602	2.18544e-06
1603	4.69498e-09
1604	5.50646e-08
1605	1.05684e-06
1606	7.21385e-08
1607	2.99329e-08
1608	3.07661e-08
1609	3.86737e-09
1610	1.09943e-08
1611	1.14006e-07
1612	7.15902e-09
1613	2.71226e-07
1614	2.2819e-08
1615	1.0484e-08
1616	1.54425e-08
1617	4.19294e-08
1618	2.04932e-07
1619	2.38183e-08
1620	2.76105e-07
1621	2.36617e-08
1622	3.51317e-08
1623	1.37469e-08
1624	1.36221e-08
1625	1.7514e-06
1626	3.96355e-07
1627	3.25502e-07
1628	3.75654e-09
1629	5.94244e-09
1630	1.52673e-08
1631	2.5075e-10
1632	3.7993e-07
1633	1.48515e-08
1634	7.53447e-09
1635	5.42342e-09
1636	4.70518e-07
1637	1.26083e-08
1638	9.58795e-09
1639	2.0529e-08
1640	1.39405e-08
1641	2.25279e-08
1642	1.06473e-05
1643	2.86462e-08
1644	5.5697e-08
1645	6.4999e-08
1646	1.31944e-08
1647	4.25633e-09
1648	6.4267e-09
1649	3.03788e-08
1650	4.48723e-07
1651	9.99229e-08
1652	4.70825e-08
1653	1.22616e-06
1654	8.99575e-09
1655	1.77905e-08
1656	4.33726e-09
1657	8.58806e-09
1658	1.45832e-09
1659	1.8255e-07
1660	2.35769e-09
1661	4.88658e-10
1662	1.76487e-07
1663	2.1873e-08
1664	5.38274e-09
1665	1.02595e-08
1666	7.72107e-08
1667	2.06786e-08
1668	4.24963e-07
1669	4.7289e-08
1670	1.37194e-09
1671	4.02415e-08
1672	6.41379e-08
1673	5.85775e-08
1674	2.69452e-08
1675	4.62136e-08
1676	2.8689e-08
1677	1.05943e-08
1678	3.41626e-06
1679	8.56412e-08
1680	1.77553e-08
1681	1.33678e-08
1682	4.12054e-08
1683	2.55406e-08
1684	4.63155e-08
1685	1.24329e-06
1686	4.54431e-09
1687	8.53127e-09
1688	2.13547e-07
1689	6.20996e-08
1690	4.31637e-07
1691	7.35882e-07
1692	5.21679e-06
1693	5.79456e-07
1694	8.98766e-08
1695	8.70722e-09
1696	5.4056e-08
1697	4.86798e-08
1698	2.31711e-08
1699	5.74463e-06
1700	8.62634e-09
1701	6.27023e-07
1702	1.24627e-07
1703	6.97993e-09
1704	9.32151e-09
1705	5.94374e-09
1706	1.2842e-06
1707	9.92554e-09
1708	5.34315e-09
1709	3.01198e-07
1710	7.68601e-08
1711	9.24462e-06
1712	2.06844e-08
1713	6.18531e-07
1714	2.14528e-08
1715	3.71387e-06
1716	3.24268e-06
1717	6.92113e-08
1718	1.7045e-08
1719	1.59848e-08
1720	1.34053e-07
1721	1.8185e-06
1722	1.83803e-08
1723	1.32575e-07
1724	3.16864e-08
1725	3.0631e-08
1726	6.2255e-08
1727	1.86509e-06
1728	1.95733e-09
1729	1.08605e-06
1730	4.04223e-07
1731	6.5057e-08
1732	1.28221e-07
1733	2.98144e-06
1734	2.65454e-08
1735	9.07307e-06
1736	7.29912e-08
1737	4.87874e-08
1738	9.55689e-07
1739	8.87604e-08
1740	5.22411e-06
1741	1.37404e-05
1742	5.64465e-07
1743	1.17214e-05
1744	1.27104e-08
1745	1.73107e-08
1746	1.99895e-08
1747	1.08872e-08
1748	5.20285e-07
1749	1.16585e-06
1750	2.97686e-07
1751	3.48923e-08
1752	1.06367e-07
1753	3.27297e-08
1754	7.8209e-09
1755	1.08921e-07
1756	5.5797e-06
1757	6.71119e-05
1758	1.15565e-07
1759	1.31138e-07
1760	9.08808e-06
1761	2.17849e-07
1762	2.67615e-07
1763	3.27219e-07
1764	8.21598e-08
1765	2.39324e-07
1766	3.49447e-07
1767	1.05048e-05
1768	1.60207e-07
1769	9.62471e-08
1770	2.22408e-07
1771	1.08895e-06
1772	6.37315e-08
1773	9.22829e-08
1774	7.22018e-06
1775	1.18283e-07
1776	3.89952e-07
1777	1.11676e-05
1778	2.02466e-07
1779	2.7815e-08
1780	1.99495e-08
1781	1.57943e-08
1782	8.88825e-08
1783	1.48712e-08
1784	9.17187e-07
1785	2.84479e-06
1786	1.91717e-07
1787	2.00754e-06
1788	1.91845e-08
1789	7.40861e-09
1790	7.10975e-07
1791	1.36011e-07
1792	2.57232e-07
1793	5.91615e-08
1794	1.22764e-08
1795	5.66292e-08
1796	1.90991e-06
1797	7.80729e-08
1798	7.84719e-09
1799	3.50547e-08
1800	3.31664e-07
1801	6.284e-08
1802	9.83775e-07
1803	4.09212e-07
1804	4.76031e-08
1805	1.04572e-06
1806	1.23662e-08
1807	1.32503e-08
1808	4.61909e-08
1809	1.38238e-06
1810	6.40353e-07
1811	3.46593e-08
1812	3.88703e-08
1813	1.434e-07
1814	6.35609e-08
1815	9.98009e-07
1816	1.27629e-06
1817	4.42037e-07
1818	4.24118e-08
1819	4.73791e-08
1820	6.02619e-06
1821	2.57756e-07
1822	2.55038e-07
1823	3.75994e-07
1824	1.76379e-08
1825	2.54501e-08
1826	2.83579e-08
1827	2.09149e-07
1828	5.09853e-07
1829	2.64392e-08
1830	1.94939e-08
1831	9.17709e-08
1832	4.32366e-09
1833	3.17768e-08
1834	1.40997e-09
1835	2.76967e-08
1836	2.66005e-08
1837	6.15071e-09
1838	3.05337e-08
1839	4.31392e-09
1840	1.54314e-08
1841	8.0607e-09
1842	1.33515e-08
1843	3.10951e-08
1844	1.94985e-07
1845	7.43635e-07
1846	3.07789e-08
1847	1.68446e-09
1848	8.51497e-09
1849	7.05721e-08
1850	9.11944e-09
1851	1.99779e-07
1852	2.49892e-08
1853	2.29855e-06
1854	3.13719e-09
1855	2.38219e-08
1856	2.51693e-07
1857	1.64437e-08
1858	2.31886e-07
1859	1.14161e-08
1860	8.53306e-08
1861	3.72736e-08
1862	8.38464e-08
1863	1.42764e-08
1864	4.93099e-06
1865	3.50514e-09
1866	1.89979e-08
1867	2.70261e-08
1868	8.05276e-09
1869	3.4665e-09
1870	6.63522e-08
1871	2.64071e-07
1872	2.42325e-07
1873	1.42061e-07
1874	9.29023e-10
1875	2.15355e-09
1876	3.24309e-08
1877	3.01968e-07
1878	2.47518e-08
1879	2.29765e-08
1880	1.64433e-07
1881	1.006e-08
1882	1.13646e-07
1883	4.34501e-07
1884	1.57428e-08
1885	1.1344e-08
1886	1.72635e-08
1887	2.47404e-08
1888	5.04969e-08
1889	7.82298e-09
1890	1.14467e-08
1891	6.89272e-09
1892	2.511e-08
1893	2.26493e-07
1894	2.27256e-07
1895	4.88442e-08
1896	5.6117e-08
1897	1.74521e-07
1898	6.37838e-06
1899	1.10418e-06
1900	2.92656e-06
1901	4.41911e-07
1902	8.39506e-08
1903	1.03632e-07
1904	7.01076e-06
1905	3.45728e-08
1906	1.71808e-07
1907	7.57613e-07
1908	2.93567e-06
1909	3.34337e-07
1910	6.4043e-07
1911	2.03212e-08
1912	2.83771e-08
1913	3.85098e-08
1914	8.49015e-08
1915	2.73473e-08
1916	2.32587e-07
1917	1.48956e-06
1918	7.04777e-09
