0 0
1 1
2 1
3 1
4 1
5 1
6 1
7 1
8 1
9 1
10 1
11 1
12 1
13 1
14 1
15 1
16 1
17 1
18 1
19 1
20 1
21 1
22 1
23 1
24 1
25 1
26 1
27 1
28 1
29 1
30 1
31 1
32 1
33 1
34 1
35 1
36 1
37 1
38 1
39 1
40 1
41 1
42 2
43 2
44 2
45 2
46 2
47 2
48 2
49 2
50 2
51 2
52 2
53 2
54 3
55 3
56 3
57 3
58 3
59 3
60 3
61 3
62 3
63 3
64 3
65 3
66 3
67 3
68 3
69 3
70 3
71 3
72 3
73 3
74 3
75 3
76 3
77 3
78 3
79 4
80 5
81 6
82 7
83 8
84 9
85 10
86 11
87 12
88 13
89 14
90 15
91 16
92 17
93 18
94 19
95 20
96 21
97 22
98 23
99 24
100 25
101 26
102 27
103 28
104 29
105 30
106 31
107 32
108 33
109 34
110 35
111 36
112 37
113 38
114 39
115 40
116 41
117 41
118 41
119 42
120 43
121 44
122 45
123 46
124 47
125 48
126 49
127 50
128 51
129 52
130 53
131 54
132 55
133 56
134 57
135 58
136 59
137 60
138 61
139 62
140 63
141 63
142 64
143 63
144 63
145 63
146 65
147 65
148 65
149 66
150 67
151 68
152 69
153 65
154 70
155 71
156 70
157 70
158 72
159 73
160 74
161 75
162 76
163 77
164 78
165 79
166 80
167 81
168 82
169 83
170 84
171 85
172 86
173 87
174 88
175 89
176 90
177 91
178 92
179 93
180 94
181 94
182 95
183 96
184 97
185 98
186 99
187 100
188 101
189 102
190 103
191 104
192 105
193 106
194 107
195 108
196 109
197 110
198 111
199 112
200 113
201 114
202 115
203 116
204 117
205 118
206 119
207 120
208 121
209 122
210 123
211 124
212 125
213 126
214 127
215 128
216 129
217 130
218 131
219 129
220 132
221 133
222 133
223 133
224 133
225 134
226 135
227 135
228 136
229 137
230 139
231 139
232 140
233 139
234 139
235 138
236 141
237 141
238 141
239 141
240 141
241 141
242 141
243 141
244 141
245 141
246 141
247 141
248 141
249 141
250 141
251 141
252 141
253 141
254 141
255 141
256 141
257 141
258 141
259 141
260 141
261 141
262 141
263 141
264 141
265 141
266 141
267 141
268 141
269 141
270 142
271 142
272 143
273 144
274 142
275 145
276 145
277 146
278 146
279 147
280 148
281 148
282 142
283 149
284 150
285 150
286 151
287 152
288 153
289 154
290 155
291 156
292 157
293 158
294 159
295 160
296 161
297 162
298 163
299 164
300 164
301 165
302 166
303 167
304 168
305 169
306 170
307 171
308 172
309 172
310 172
311 173
312 173
313 173
314 173
315 173
316 173
317 174
318 175
319 176
320 177
321 178
322 179
323 180
324 181
325 182
326 183
327 184
328 185
329 186
330 187
331 187
332 188
333 189
334 190
335 189
336 191
337 192
338 193
339 194
340 195
341 196
342 197
343 198
344 199
345 200
346 201
347 202
348 203
349 204
350 205
351 206
352 207
353 207
354 208
355 209
356 210
357 211
358 212
359 211
360 213
361 214
362 215
363 216
364 217
365 218
366 219
367 220
368 221
369 222
370 223
371 224
372 225
373 226
374 227
375 228
376 229
377 230
378 231
379 232
380 233
381 234
382 235
383 236
384 237
385 238
386 239
387 240
388 241
389 242
390 243
391 244
392 245
393 246
394 247
395 248
396 249
397 250
398 251
399 252
400 253
401 254
402 255
403 256
404 257
405 258
406 259
407 260
408 261
409 262
410 263
411 264
412 265
413 266
414 267
415 268
416 269
417 270
418 271
419 272
420 273
421 274
422 275
423 276
424 277
425 278
426 279
427 280
428 281
429 282
430 283
431 284
432 285
433 286
434 283
435 287
436 288
437 289
438 290
439 291
440 292
441 293
442 294
443 295
444 296
445 297
446 298
447 299
448 300
449 301
450 302
451 303
452 304
453 305
454 306
455 307
456 308
457 309
458 310
459 311
460 312
461 313
462 314
463 315
464 316
465 317
466 318
467 319
468 320
469 321
470 322
471 323
472 324
473 325
474 326
475 327
476 328
477 329
478 330
479 331
480 332
481 333
482 334
483 335
484 336
485 337
486 338
487 339
488 340
489 341
490 342
491 343
492 344
493 345
494 346
495 347
496 348
497 349
498 350
499 351
500 352
501 353
502 354
503 355
504 356
505 357
506 358
507 359
508 360
509 361
510 362
511 363
512 364
513 365
514 366
515 367
516 368
517 369
518 370
519 371
520 372
521 373
522 374
523 375
524 376
525 377
526 378
527 379
528 380
529 381
530 382
531 383
532 384
533 385
534 386
535 387
536 388
537 389
538 390
539 391
540 392
541 393
542 394
543 395
544 396
545 397
546 398
547 399
548 400
549 401
550 402
551 403
552 404
553 405
554 406
555 407
556 408
557 409
558 410
559 411
560 412
561 413
562 414
563 415
564 416
565 417
566 418
567 419
568 420
569 421
570 422
571 423
572 424
573 425
574 426
575 427
576 428
577 429
578 430
579 431
580 432
581 433
582 434
583 435
584 436
585 437
586 438
587 439
588 440
589 441
590 442
591 443
592 444
593 445
594 446
595 446
596 447
597 448
598 449
599 450
600 451
601 452
602 453
603 454
604 454
605 454
606 455
607 456
608 457
609 458
610 459
611 460
612 461
613 462
614 463
615 464
616 465
617 466
618 467
619 468
620 469
621 469
622 469
623 469
624 469
625 469
626 469
627 469
628 469
629 469
630 469
631 470
632 470
633 470
634 470
635 470
636 470
637 470
638 470
639 471
640 472
641 473
642 474
643 475
644 476
645 477
646 478
647 479
648 480
649 481
650 482
651 483
652 484
653 485
654 486
655 487
656 488
657 489
658 490
659 491
660 492
661 493
662 494
663 495
664 496
665 497
666 498
667 499
668 500
669 501
670 502
671 503
672 504
673 505
674 506
675 507
676 508
677 509
678 510
679 511
680 512
681 513
682 514
683 515
684 516
685 517
686 518
687 519
688 520
689 521
690 522
691 523
692 524
693 525
694 526
695 527
696 528
697 529
698 530
699 531
700 532
701 533
702 534
703 535
704 536
705 537
706 538
707 539
708 540
709 541
710 542
711 543
712 544
713 545
714 546
715 547
716 548
717 549
718 550
719 551
720 552
721 553
722 554
723 555
724 556
725 557
726 558
727 559
728 560
729 561
730 562
731 563
732 564
733 565
734 566
735 567
736 568
737 569
738 570
739 571
740 572
741 573
742 574
743 575
744 576
745 577
746 578
747 579
748 580
749 581
750 582
751 583
752 584
753 585
754 586
755 587
756 588
757 589
758 590
759 591
760 592
761 593
762 594
763 595
764 596
765 597
766 598
767 599
768 600
769 601
770 602
771 603
772 604
773 605
774 606
775 607
776 608
777 609
778 610
779 611
780 612
781 613
782 614
783 615
784 615
785 615
786 616
787 617
788 618
789 619
790 620
791 621
792 622
793 623
794 624
795 625
796 626
797 627
798 628
799 629
800 630
801 631
802 632
803 633
804 634
805 635
806 636
807 637
808 638
809 639
810 640
811 641
812 642
813 643
814 644
815 645
816 646
817 647
818 648
819 649
820 650
821 651
822 652
823 653
824 654
825 655
826 656
827 657
828 658
829 659
830 660
831 661
832 662
833 663
834 664
835 665
836 666
837 667
838 668
839 669
840 670
841 671
842 672
843 673
844 674
845 675
846 676
847 677
848 678
849 679
850 680
851 681
852 682
853 683
854 684
855 685
856 686
857 687
858 688
859 689
860 690
861 691
862 692
863 693
864 694
865 695
866 696
867 697
868 698
869 699
870 700
871 701
872 702
873 703
874 704
875 705
876 706
877 707
878 708
879 709
880 710
881 711
882 712
883 713
884 714
885 715
886 716
887 717
888 718
889 719
890 720
891 721
892 722
893 723
894 724
895 725
896 726
897 727
898 728
899 729
900 730
901 731
902 732
903 733
904 734
905 735
906 736
907 737
908 738
909 738
910 739
911 740
912 741
913 742
914 743
915 744
916 745
917 746
918 747
919 748
920 749
921 750
922 751
923 740
924 752
925 753
926 754
927 755
928 756
929 757
930 759
931 760
932 761
933 762
934 763
935 764
936 765
937 766
938 740
939 767
940 768
941 769
942 770
943 771
944 770
945 772
946 773
947 774
948 775
949 776
950 777
951 778
952 779
953 780
954 781
955 782
956 783
957 784
958 785
959 786
960 787
961 788
962 789
963 790
964 791
965 792
966 793
967 794
968 795
969 796
970 797
971 798
972 799
973 800
974 801
975 802
976 803
977 804
978 805
979 806
980 806
981 807
982 808
983 809
984 810
985 811
986 812
987 813
988 814
989 815
990 816
991 817
992 818
993 819
994 820
995 821
996 822
997 823
998 824
999 825
1000 826
1001 827
1002 828
1003 829
1004 830
1005 831
1006 832
1007 833
1008 834
1009 835
1010 836
1011 837
1012 838
1013 839
1014 840
1015 841
1016 842
1017 843
1018 844
1019 845
1020 846
1021 847
1022 848
1023 849
1024 850
1025 851
1026 851
1027 852
1028 853
1029 854
1030 855
1031 856
1032 857
1033 858
1034 859
1035 860
1036 861
1037 862
1038 863
1039 864
1040 865
1041 866
1042 867
1043 868
1044 869
1045 870
1046 871
1047 872
1048 873
1049 874
1050 875
1051 876
1052 877
1053 878
1054 879
1055 880
1056 881
1057 882
1058 883
1059 884
1060 885
1061 886
1062 887
1063 888
1064 889
1065 890
1066 891
1067 892
1068 893
1069 894
1070 895
1071 896
1072 897
1073 898
1074 899
1075 900
1076 901
1077 901
1078 901
1079 901
1080 901
1081 901
1082 901
1083 901
1084 901
1085 901
1086 901
1087 901
1088 901
1089 901
1090 901
1091 902
1092 903
1093 904
1094 905
1095 906
1096 907
1097 908
1098 909
1099 910
1100 911
1101 912
1102 913
1103 914
1104 915
1105 916
1106 917
1107 918
1108 919
1109 920
1110 921
1111 922
1112 923
1113 924
1114 925
1115 926
1116 927
1117 928
1118 929
1119 930
1120 931
1121 932
1122 933
1123 934
1124 935
1125 936
1126 937
1127 938
1128 939
1129 940
1130 941
1131 942
1132 943
1133 944
1134 945
1135 946
1136 947
1137 948
1138 949
1139 950
1140 951
1141 952
1142 953
1143 954
1144 955
1145 956
1146 957
1147 958
1148 959
1149 960
1150 961
1151 962
1152 963
1153 964
1154 965
1155 966
1156 967
1157 968
1158 969
1159 970
1160 971
1161 972
1162 973
1163 974
1164 975
1165 976
1166 977
1167 978
1168 979
1169 980
1170 981
1171 982
1172 983
1173 983
1174 984
1175 985
1176 986
1177 987
1178 988
1179 989
1180 990
1181 991
1182 992
1183 993
1184 994
1185 995
1186 996
1187 997
1188 998
1189 999
1190 1000
1191 1001
1192 1002
1193 1003
1194 1004
1195 1005
1196 1006
1197 1007
1198 1008
1199 1009
1200 1010
1201 1011
1202 1012
1203 1013
1204 1014
1205 1015
1206 1015
1207 1016
1208 1017
1209 1016
1210 1018
1211 1019
1212 1020
1213 1021
1214 1022
1215 1023
1216 1024
1217 1025
1218 1026
1219 1027
1220 1028
1221 1029
1222 1030
1223 1031
1224 1032
1225 1033
1226 1034
1227 1035
1228 1036
1229 1037
1230 1038
1231 1039
1232 1040
1233 1041
1234 1042
1235 1043
1236 1044
1237 1045
1238 1046
1239 1047
1240 1048
1241 1049
1242 1050
1243 1051
1244 1052
1245 1053
1246 1054
1247 1055
1248 1056
1249 1057
1250 1058
1251 1059
1252 1060
1253 1061
1254 1062
1255 1063
1256 1064
1257 1065
1258 1066
1259 1067
1260 1068
1261 1069
1262 1070
1263 1071
1264 1072
1265 1073
1266 1074
1267 1075
1268 1076
1269 1077
1270 1078
1271 1079
1272 1080
1273 1081
1274 1082
1275 1083
1276 1084
1277 1085
1278 1086
1279 1087
1280 1088
1281 1089
1282 1090
1283 1091
1284 1092
1285 1093
1286 1094
1287 1095
1288 1096
1289 1097
1290 1098
1291 1099
1292 1100
1293 1101
1294 1102
1295 1103
1296 1104
1297 1105
1298 1106
1299 1107
1300 1108
1301 1109
1302 1110
1303 1111
1304 1112
1305 1113
1306 1114
1307 1115
1308 1116
1309 1117
1310 1118
1311 1119
1312 1120
1313 1121
1314 1122
1315 1123
1316 1124
1317 1125
1318 1126
1319 1127
1320 1128
1321 1129
1322 1130
1323 1131
1324 1132
1325 1133
1326 1134
1327 1135
1328 1136
1329 1137
1330 1138
1331 1139
1332 1140
1333 1141
1334 1142
1335 1143
1336 1144
1337 1145
1338 1146
1339 1147
1340 1148
1341 1149
1342 1150
1343 1151
1344 1152
1345 1153
1346 1154
1347 1155
1348 1156
1349 1157
1350 1158
1351 1159
1352 1160
1353 1161
1354 1162
1355 1163
1356 1164
1357 1165
1358 1166
1359 1167
1360 1168
1361 1169
1362 1170
1363 1171
1364 1172
1365 1172
1366 1172
1367 1172
1368 1172
1369 1173
1370 1174
1371 1175
1372 1176
1373 1177
1374 1178
1375 1179
1376 1180
1377 1181
1378 1182
1379 1183
1380 1184
1381 1185
1382 1186
1383 1187
1384 1188
1385 1189
1386 1190
1387 1191
1388 1192
1389 1193
1390 1194
1391 1195
1392 1196
1393 1197
1394 1198
1395 1199
1396 1200
1397 1201
1398 1202
1399 1203
1400 1204
1401 1205
1402 1206
1403 1207
1404 1208
1405 1209
1406 1210
1407 1211
1408 1212
1409 1213
1410 1214
1411 1215
1412 1216
1413 1217
1414 1218
1415 1219
1416 1220
1417 1221
1418 1222
1419 1223
1420 1224
1421 1225
1422 1226
1423 1227
1424 1228
1425 1229
1426 1230
1427 1231
1428 1232
1429 1233
1430 1234
1431 1235
1432 1236
1433 1237
1434 1238
1435 1239
1436 1240
1437 1241
1438 1242
1439 1243
1440 1244
1441 1245
1442 1246
1443 1247
1444 1248
1445 1249
1446 1250
1447 1251
1448 1252
1449 1253
1450 1254
1451 1255
1452 1256
1453 1257
1454 1258
1455 1259
1456 1260
1457 1261
1458 1262
1459 1263
1460 1264
1461 1264
1462 1264
1463 1264
1464 1264
1465 1264
1466 1264
1467 1264
1468 1264
1469 1264
1470 1264
1471 1264
1472 1264
1473 1264
1474 1264
1475 1264
1476 1264
1477 1264
1478 1264
1479 1264
1480 1264
1481 1264
1482 1264
1483 1264
1484 1264
1485 1264
1486 1264
1487 1264
1488 1265
1489 1265
1490 1265
1491 1265
1492 1265
1493 1266
1494 1267
1495 1268
1496 1269
1497 1270
1498 1271
1499 1272
1500 1273
1501 1274
1502 1275
1503 1276
1504 1277
1505 1278
1506 1279
1507 1280
1508 1281
1509 1282
1510 1283
1511 1284
1512 1285
1513 1286
1514 1287
1515 1288
1516 1289
1517 1290
1518 1291
1519 1292
1520 1293
1521 1294
1522 1295
1523 1296
1524 1297
1525 1298
1526 1299
1527 1300
1528 1301
1529 1302
1530 1303
1531 1304
1532 1305
1533 1306
1534 1307
1535 1308
1536 1309
1537 1310
1538 1311
1539 1312
1540 1313
1541 1314
1542 1315
1543 1316
1544 1317
1545 1318
1546 1319
1547 1320
1548 1321
1549 1322
1550 1323
1551 1324
1552 1325
1553 1326
1554 1327
1555 1328
1556 1329
1557 1330
1558 1331
1559 1332
1560 1333
1561 1334
1562 1335
1563 1336
1564 1337
1565 1338
1566 1339
1567 1340
1568 1341
1569 1342
1570 1343
1571 1344
1572 1345
1573 1346
1574 1347
1575 1348
1576 1349
1577 1350
1578 1351
1579 1352
1580 1353
1581 1354
1582 1355
1583 1356
1584 1357
1585 1358
1586 1359
1587 1360
1588 1361
1589 1361
1590 1361
1591 1361
1592 1361
1593 1361
1594 1361
1595 1361
1596 1361
1597 1361
1598 1361
1599 1361
1600 1361
1601 1361
1602 1361
1603 1361
1604 1361
1605 1361
1606 1361
1607 1361
1608 1361
1609 1361
1610 1361
1611 1361
1612 1362
1613 1363
1614 1364
1615 1365
1616 1366
1617 1367
1618 1368
1619 1369
1620 1370
1621 1371
1622 1372
1623 1373
1624 1374
1625 1375
1626 1376
1627 1377
1628 1378
1629 1379
1630 1380
1631 1381
1632 1382
1633 1383
1634 1384
1635 1385
1636 1386
1637 1387
1638 1388
1639 1389
1640 1390
1641 1391
1642 1392
1643 1393
1644 1394
1645 1395
1646 1396
1647 1397
1648 1398
1649 1399
1650 1400
1651 1401
1652 1402
1653 1403
1654 1404
1655 1405
1656 1406
1657 1407
1658 1408
1659 1409
1660 1410
1661 1411
1662 1412
1663 1413
1664 1414
1665 1415
1666 1416
1667 1417
1668 1418
1669 1419
1670 1420
1671 1421
1672 1422
1673 1423
1674 1424
1675 1425
1676 1426
1677 1427
1678 1428
1679 1429
1680 1430
1681 1431
1682 1432
1683 1433
1684 1434
1685 1435
1686 1436
1687 1437
1688 1438
1689 1439
1690 1440
1691 1441
1692 1442
1693 1443
1694 1444
1695 1445
1696 1446
1697 1447
1698 1448
1699 1449
1700 1450
1701 1451
1702 1452
1703 1453
1704 1454
1705 1455
1706 1456
1707 1457
1708 1458
1709 1459
1710 1460
1711 1461
1712 1461
1713 1462
1714 1463
1715 1464
1716 1465
1717 1466
1718 1467
1719 1468
1720 1469
1721 1470
1722 1471
1723 1472
1724 1473
1725 1474
1726 1475
1727 1476
1728 1477
1729 1478
1730 1479
1731 1480
1732 1481
1733 1482
1734 1483
1735 1484
1736 1485
1737 1486
1738 1487
1739 1488
1740 1489
1741 1490
1742 1491
1743 1492
1744 1493
1745 1494
1746 1495
1747 1496
1748 1496
1749 1496
1750 1496
