0 236 4.055685586188044
1 21102 0.6144789087825889
2 81410 0.8784469271672302
3 56024 0.5764486167503479
4 3089 0.5365831810803756
5 7135 0.07268527885071283
6 3011 0.09331587636699475
7 6988 0.15950768883871277
8 61347 0.6168445568087574
9 31834 0.3816538918327035
10 24090 0.32328373722194853
11 27700 0.5502291902510745
12 16575 0.31696903614997446
13 5229 0.32669765265321693
14 42870 0.6968094060667462
15 43631 0.38100060695261906
16 60998 0.4900381777830631
17 59283 0.8581684548345397
18 94600 0.7516363010176109
19 34003 0.3323312694885073
20 59707 0.8689870377777812
21 45141 0.3132728800287878
22 76003 0.8117242242048998
23 26999 0.27897233500695756
24 56438 0.649247409640508
25 57331 0.6547358520580018
26 53926 0.5961873182424011
27 38908 1.0903278316347411
28 33969 1.4243857500498072
29 17416 0.25737609595102373
30 20300 0.2986145109552631
31 24527 0.4373348447946477
32 41905 0.38165505013922846
33 11661 0.23007017793132634
34 5199 0.0961587466814518
35 26121 0.1842224751620471
36 3 0.009566067487571371
37 92 0.016452971982881773
38 60453 0.4657152851673444
39 1685 0.0115104780408249
40 7853 0.114770029822532
41 4783 0.06866711351558386
42 39706 3.547992114249178
43 19088 1.1888418015836366
44 26337 3.143642750468342
45 42193 3.7281477752020473
46 41749 3.9786331056360105
47 55909 7.474861273488526
48 14096 1.8394405688366124
49 27357 1.9683454131833815
50 32519 6.656253233605716
51 24962 1.7959863134501008
52 59304 7.582009260274565
53 85510 13.68281243001898
54 45713 1.02908160192248
55 75371 0.9883362393957038
56 78309 0.9185548350030965
57 37337 1.0466735753215846
58 39665 0.713096354114382
59 86547 1.0176390778644535
60 70496 1.059128073180262
61 79492 1.0052953913299985
62 47308 0.8201983947415973
63 57311 1.318035064255124
64 50502 2.3945377353099704
65 75784 1.4742975643130394
66 67970 1.4501449427564916
67 4534 3.4678450247645936
68 42230 3.3973910303831523
69 67813 2.01360662674885
70 97060 2.335606960341129
71 76103 1.0707443432170343
72 66631 2.472416088414309
73 15293 1.4296162762144071
74 22922 2.571417705410218
75 66358 1.0538037241871392
76 58519 2.137912608089304
77 12281 1.5399449727180203
78 40931 1.828826620046116
79 1219 1.400999155208441
80 5487 2.0962853881948487
81 108 0.014863775430619756
82 7987 16.25672281107094
83 851 0.6554941567296837
84 5790 16.409155949757295
85 6408 7.316902626575876
86 19507 36.08640657794553
87 9988 9.971987901102244
88 2246 1.4857767680776899
89 25590 54.568440857641036
90 11946 12.8201103634457
91 5289 31.51631822232381
92 539 0.32826599968802944
93 1268 3.4079219672060255
94 316 0.7418084562553958
95 12810 13.831972966670115
96 10875 2.4419754068358617
97 7444 3.6138213767785796
98 4421 20.787685502789973
99 1809 3.289139177478815
100 908 2.459374715249646
101 12280 3.825143591398879
102 12604 3.8353683491969845
103 4931 1.9000238611144145
104 7322 3.5674999266405867
105 555 0.49489264042922204
106 10739 25.743811168237073
107 2416 1.074479495657895
108 16597 3.6047116820618474
109 26339 24.865963085543253
110 20135 4.109789697867326
111 141 0.12505617786646117
112 1277 1.1123607522505896
113 7647 5.067596066082159
114 3487 2.3361007850229423
115 16638 19.255711995576814
116 37144 1.9860115182000844
117 19786 1.6586706193233327
118 10170 0.6945642219191749
119 4737 20.881760842135176
120 31796 13.717580930876899
121 23570 4.347476513404695
122 19929 22.169480708018725
123 12680 6.483514595434419
124 38352 5.474767836762178
125 5116 22.44542638807593
126 6552 6.747977982909573
127 681 1.5833633206022577
128 8675 32.737068279853034
129 17208 8.483930427476883
130 38982 12.356781575821973
131 2282 1.9708191698185473
132 8475 8.003022407825828
133 6767 13.453219860478118
134 22540 9.890320727354721
135 5117 2.4970667817765952
136 8195 5.955681647945859
137 1729 0.6115568875222588
138 968 3.3230717671278787
139 28647 26.52006341342122
140 11376 0.6344612407470613
141 17045 3.283398224238877
142 11250 6.782817912669866
143 18126 5.083701160005375
144 16499 1.4851308191389303
145 6824 2.213894041207913
146 63393 4.2404733149342775
147 20301 1.7469223795631486
148 38777 2.212719904493766
149 8679 2.901922325508844
150 10097 1.2957492467146565
151 21225 3.0965035359237185
152 9292 1.3610537963882459
153 25120 4.589956787444575
154 40827 3.4029980061683682
155 12435 2.192623672387671
156 14146 4.306587906970997
157 18414 1.7235265182695827
158 23465 18.011310863216355
159 21 2.0804733458224516
160 5532 4.129221834232436
161 414 2.4424348684241006
162 119 0.14435703949207487
163 4540 20.200681238677554
164 1968 3.7063372494389935
165 11647 32.91956333388417
166 1040 4.116343396185619
167 8554 4.1755428982682545
168 4135 8.113702843410858
169 1559 2.3229084459078573
170 8732 1.9676492709618731
171 13120 38.342608151080235
172 4539 3.938369984725798
173 3203 5.18285026803213
174 11910 1.9661674108142586
175 4175 5.422888831917368
176 8958 13.878550788652303
177 1023 6.391145441600502
178 60 0.14924045980135817
179 473 1.0924181888101412
180 48418 64.89493735106109
181 13779 32.02657348219374
182 47226 36.40080185699702
183 38917 9.124956177403138
184 252 1.1006861807853936
185 23045 6.8799361232561695
186 31521 16.174899265942546
187 3291 22.857643741978727
188 15093 4.183546410253638
189 5950 5.860641053163181
190 4298 12.671971067047416
191 1472 2.4429993498039373
192 14791 5.250337067198767
193 2353 0.5808320347430181
194 1267 11.159073323891848
195 9993 13.774501271820565
196 2126 8.394880207939188
197 3152 9.282852661865615
198 281 5.883058917647495
199 2258 1.1482169029354576
200 59048 11.079101524794709
201 234 0.17303825345908938
202 13383 24.391582895364767
203 5532 2.0336152136612218
204 2842 1.6012386929978053
205 58 0.257071461334956
206 1974 10.799265093120123
207 3395 37.10924143277884
208 896 3.1058912242064443
209 9293 4.931769568044331
210 20631 60.84378692102048
211 9621 11.090813934273054
212 4769 1.1566443551089811
213 7085 6.106621729521526
214 6756 3.244181440222889
215 3122 18.668499236289897
216 26883 2.227118812905697
217 41356 4.152265956444586
218 14016 0.9494762137894075
219 1806 0.1834556762425154
220 23821 2.3759940200495135
221 5914 1.9654044729164768
222 17729 2.335188425583439
223 9027 1.6560825764443696
224 8002 3.5237452837619325
225 17962 6.686902410358658
226 40782 4.785693601669197
227 520 0.5877274334861783
228 30171 9.982363624850771
229 8344 1.2359397031955361
230 34133 0.7886133063164772
231 38780 0.7114828331250955
232 27232 0.3880682072658252
233 36688 1.682218604873845
234 38875 0.8548611036035688
235 3523 0.04976663984543558
236 51128 1.4072254388823424
237 76174 2.145019204722184
238 78134 1.5881015664937443
239 40366 0.9449279301680162
240 81677 1.4344603141018415
241 94469 3.579706933005095
242 68853 2.122143423058331
243 62008 1.641672857171539
244 90117 2.312290249993436
245 84500 1.538784349579998
246 63767 1.0903981022305895
247 88630 2.168920473762813
248 63488 2.1749564090644435
249 54316 0.9348294277811325
250 35881 0.7499926640586752
251 75220 1.4284683944481595
252 92221 1.4820578319281787
253 99598 1.745020054146969
254 78895 1.3833349807026134
255 36934 1.5346337511988473
256 78731 2.0736725421121642
257 47621 1.5859907459030698
258 56829 0.883889809528075
259 41788 1.4724936949514824
260 80018 2.159323518101242
261 86408 1.8406309218421089
262 33336 1.4216031116746486
263 28265 1.1910549392506837
264 67053 1.3488189906671382
265 87757 7.4099775751856765
266 79132 2.244282598992737
267 93877 3.5990213082068334
268 49262 1.1065503006191535
269 13393 0.6175267993519661
270 54878 2.178162601525567
271 85871 1.7352563023458023
272 23438 1.576862132179763
273 39150 2.8107497023152233
274 37546 1.9486916541698263
275 18884 1.3934612824460963
276 28606 1.7655077938585044
277 17823 2.5294260050625716
278 6988 0.8593951014444855
279 34555 2.4676651011510478
280 42252 2.4987606120182795
281 13532 1.093007766831352
282 41047 2.3553738472919568
283 109931 2.629541526833329
284 38615 1.090328989941266
285 39688 1.4903088354077316
286 66636 0.7408138570526196
287 100820 1.522136395998746
288 43600 0.9430584234367109
289 68733 1.9892339269525574
290 89830 2.5366669652523486
291 34981 2.576865607099338
292 34821 2.0747918523174627
293 98592 3.6158901122321803
294 18556 1.1680239445124843
295 34882 1.647073268293135
296 38912 3.1041784749581853
297 26148 2.312055499871042
298 19341 0.5659559040427986
299 24861 0.66171773768836
300 28967 1.1190816328106539
301 36256 1.631553119165031
302 47211 1.119422947133346
303 44354 2.0774231386400244
304 39127 1.2901611899360153
305 30425 2.0042467378227236
306 29987 1.4153366733745485
307 17590 1.3518359930625161
308 23593 1.581011572254389
309 19168 0.8317262473802968
310 25105 1.2938376548462773
311 184 6.998932041383975
312 60809 2.14938370370828
313 32687 1.5493627769703953
314 59129 3.2683823245513106
315 53687 1.5285538002492676
316 17949 0.7932171886510672
317 19148 2.0495932799688648
318 7406 1.0780918676071085
319 2653 0.8405320796853113
320 33048 4.1911588007357565
321 4673 0.8970647740452852
322 7556 0.8756666054051215
323 10549 1.3756395782528723
324 43341 5.016091966449266
325 27273 7.092010851015526
326 27633 6.664289950378149
327 12065 11.473987138164347
328 793 0.4349294282444552
329 2780 0.9156555937710908
330 2922 0.07075245136270901
331 56435 4.258928998898837
332 23616 3.419708122199794
333 26034 3.5121054614924856
334 38132 6.249487256311612
335 17 0.06403852064179448
336 7823 2.0197742228921522
337 8370 1.4869621017549115
338 8176 4.172566050499076
339 6464 7.502250975680196
340 37280 3.902710360048
341 22666 2.3970848513583847
342 8690 1.116236059780972
343 35321 5.442299346560679
344 4555 8.934600855293539
345 1398 0.3888037319091826
346 26646 3.679446777359586
347 30574 4.759786917931666
348 16272 1.7805159715025707
349 12366 4.552348118987424
350 12337 3.0458666217758537
351 5055 1.1226191009379194
352 40113 3.900164016203936
353 20844 2.7298010647153577
354 45768 6.666504632453895
355 10480 1.3325884135370512
356 13328 1.9869346885004873
357 60035 2.750800389808756
358 18540 1.0025644906462887
359 11916 0.9848640225360118
360 20408 1.3362521370755385
361 4079 2.5954992841665674
362 27109 4.669357927527077
363 14498 9.08219613372726
364 16415 3.119172366821777
365 40222 8.05791339573774
366 8030 3.5586338623962734
367 62543 17.04199054204112
368 6669 1.5167464096358747
369 34496 4.8862635656999185
370 10401 4.977926538655778
371 22658 4.319906887599479
372 4752 1.6928553336926657
373 10700 8.732490652466343
374 60745 10.909981050105252
375 3103 0.9334950586643644
376 3589 6.051297921071449
377 29189 8.166911198044161
378 6292 2.503422409679118
379 35177 7.288608286988202
380 3220 3.861800904096853
381 29150 9.74687604730215
382 19857 2.5255846745235884
383 29030 9.109684291973554
384 28032 6.264985783717917
385 14712 7.242284906339334
386 30184 8.38493691862665
387 3430 1.52948932581927
388 18949 11.80986282561927
389 32098 10.467867418690743
390 17638 5.332740537793997
391 1223 0.8082759456800572
392 9454 3.708278957277022
393 27655 7.475023050299847
394 13261 4.99856099719381
395 42230 25.34613442224443
396 67094 23.872147284080082
397 19803 13.15481538910605
398 3345 2.181553350826336
399 14961 3.98766210499817
400 9531 3.712800599848339
401 12014 3.8940782737217314
402 18958 7.374957721811839
403 12387 3.2461737274458415
404 42791 5.523030608636025
405 45700 6.763655275622899
406 53804 10.992720815694899
407 22360 3.056613389714547
408 28506 13.832708105211298
409 13200 9.177725147761302
410 737 2.446243766380385
411 12635 6.163949408259807
412 14530 4.179589249062158
413 21902 15.039710994799975
414 9506 4.072571378709091
415 137 0.43548425706991695
416 10007 10.701743019658778
417 44837 16.163040137637704
418 24235 6.874541503667198
419 8968 4.382312582143237
420 12709 6.843044446537976
421 38421 12.541897491416949
422 15524 11.551931514740609
423 15814 5.556145047776283
424 21288 3.5460550396372494
425 24655 5.465207560807231
426 6344 5.755662574498414
427 35772 15.018900473670149
428 16821 8.599684245641292
429 7895 1.7015329800755834
430 18511 7.162668707345362
431 25076 12.973568603406656
432 8523 9.85376264291572
433 32298 9.48664549797142
434 3165 0.28261327851712054
435 26030 5.664299602932523
436 4056 1.362085075297646
437 9041 5.130792111778124
438 15347 4.767490042424907
439 39553 6.636525342974562
440 28127 6.048975902591055
441 5010 2.883341158337413
442 27172 55.156065201846495
443 1343 9.218019929049865
444 151 0.45145344302753526
445 1398 8.637065499917375
446 6844 27.71103534070428
447 7263 4.674814709566222
448 3304 10.259726299890193
449 15398 42.89640299491735
450 926 2.2383485946653034
451 5210 5.522167284172745
452 1986 2.45856660339739
453 4603 8.659431626710239
454 4299 4.067824252467579
455 14068 13.376175488071759
456 416 0.6498381459682439
457 1123 2.7186778471560484
458 14573 34.49648415359454
459 16268 4.1250974907991855
460 13680 6.711548470494844
461 4637 9.43535452673912
462 13553 10.248296903306116
463 3326 18.51062051252747
464 3285 2.8692808615329493
465 349 1.268239852848739
466 743 6.471363573885284
467 635 2.82510498118138
468 939 3.8371648826172167
469 1084 1.88765160301901
470 12834 12.856252229740061
471 494 5.481721923035937
472 6622 13.48267443710164
473 1858 9.376421821259404
474 534 2.8254910833563707
475 26583 11.344850632512584
476 11593 27.032780074656717
477 522 0.5615987409980278
478 5818 11.065875980892576
479 1321 2.4078173335166033
480 9 4.378451946495505
481 408 2.8463247706166976
482 1565 12.277323292617572
483 2467 5.728633491738186
484 3255 12.605100100849889
485 4990 13.114090103892373
486 60 1.2126322593000431
487 497 0.8313667862553803
488 7164 52.21579598052192
489 28937 130.69750130116432
490 3010 13.359834485719626
491 435 19.95785849200846
492 7930 44.531207480497976
493 14740 29.50076332399996
494 31192 75.19879319904184
495 929 32.355215931502386
496 2196 57.593793870859635
497 31 1.0416453666966796
498 5505 36.2709668925107
499 3882 7.174474553550055
500 1172 22.572861341442508
501 1113 20.07848183080385
502 175 3.2386736926966457
503 836 88.80910529315194
504 7851 26.983401467497146
505 802 6.23012539054235
506 228 7.406172538251142
507 4015 30.830803463182068
508 113 1.306574779497048
509 481 1.5820625423747137
510 271 4.344405456704819
511 8509 61.76374214861227
512 584 0.733935060702984
513 817 15.348652194527542
514 19664 8.829534345332874
515 7070 21.32455324117332
516 1568 30.301665876444215
517 4587 61.83440154935081
518 16918 15.448437212836508
519 2310 18.009926686919012
520 1835 35.16298415282233
521 1445 19.23188524425596
522 1632 25.95009861049549
523 1507 34.50389731535436
524 9050 20.128652333524325
525 1776 28.960641130383614
526 444 1.4249305402187191
527 563 11.428990790690921
528 41776 34.895673647908794
529 2143 33.67616838379174
530 1506 21.410745532411735
531 3201 30.804399865945324
532 256 0.5684176915105398
533 1410 12.241339342112783
534 270 9.232573278331792
535 2890 48.15768412826623
536 2963 35.64267826723521
537 3418 39.285450357298956
538 1500 74.99974787527974
539 6246 10.085944413642071
540 23773 108.48037558475174
541 3795 43.11903993377575
542 4271 3.6071267511664145
543 479 0.17557031152267888
544 1865 6.058107219029586
545 1073 19.688720179398516
546 69 0.542928384224174
547 6262 57.027076187225575
548 1304 14.953748048253505
549 1666 65.97149214590955
550 2268 28.23464124158104
551 12606 60.64032034125255
552 2193 14.573897253578009
553 416 141.56968101782712
554 21908 14.686746038977788
555 189 5.1832012349091965
556 1920 38.51454331062538
557 3256 44.85612249940927
558 13897 31.574420035922948
559 613 17.51087495386079
560 1916 20.617173901964023
561 4582 108.07890963201373
562 5124 32.62480714196359
563 606 2.6431740224279032
564 1373 17.932230960143446
565 987 0.5970116463860065
566 115 7.063977902600321
567 338 1.8589781110954955
568 3516 193.16686834070273
569 804 18.15106865359994
570 1679 23.990869841867994
571 3168 80.26815954359634
572 295 239.08783283937996
573 1702 8.287363107473857
574 5137 19.41334786107117
575 20555 18.93272787364266
576 499 19.66450500928962
577 4569 15.649131965090186
578 2474 46.76004483418456
579 914 1.0884231896055117
580 708 2.5911973337328202
581 814 18.02800321854773
582 2818 41.66149881775514
583 1977 56.90730111490864
584 848 14.34438229057432
585 4061 43.569748585707735
586 6309 30.595968012207006
587 7896 14.090044046536123
588 944 17.71984850895062
589 160 0.40924436715536905
590 365 46.413958288609834
591 175 3.225229614963467
592 1363 43.83292972785974
593 2438 45.674880733038144
594 1952 34.88595738667515
595 306 9.522128673955246
596 4945 30.119186266500076
597 405 0.47117361161518895
598 1753 17.195445693184677
599 345 1.1494273332540537
600 797 22.10274449148027
601 198 3.326146684849505
602 518 0.6157248605012842
603 53606 54.89489989915011
604 14733 13.740272927905458
605 2620 0.7471324191463435
606 7148 38.52742599579612
607 2037 24.300455060023445
608 6277 31.626619891675173
609 697 23.018409737805737
610 10980 12.979128088624348
611 17568 6.371691683513592
612 674 176.79972764352576
613 1722 17.15733895292179
614 2016 38.8786851522092
615 207 15.429383842705063
616 154 1.9549306792155021
617 3031 8.847230566319226
618 2233 67.03447120218317
619 7903 13.099301618385876
620 9628 2.046948093968003
621 29952 11.407853627121053
622 7349 4.070584496916588
623 26977 15.826287226041202
624 16395 2.1406048985555146
625 1948 1.0569782562699133
626 20702 4.196507474165903
627 10121 2.141257797333424
628 10158 0.8793801361241829
629 11303 7.920533608649924
630 6489 0.5458071620409052
631 27582 42.34772516320539
632 29857 15.382648104933304
633 21482 6.817713827245532
634 5716 1.5142850082703085
635 25636 43.09238150910352
636 7692 0.7084422784970432
637 15335 2.2557811078661367
638 29343 16.566140074780268
639 35040 58.447540297484004
640 3385 35.68681669567581
641 780 7.144841597721689
642 823 43.22547633425329
643 173 3.3640395245074495
644 804 14.267645641601428
645 397 41.18074523897408
646 497 0.9372197863465005
647 673 6.069116922549448
648 2948 16.35076842054867
649 10510 59.60689624816794
650 277 5.085226263596588
651 581 0.31550725331545937
652 537 13.815740072926978
653 722 2.394927698506711
654 363 4.145347777673101
655 470 19.60737308435406
656 339 10.188291605984276
657 1097 12.715771269982717
658 250 17.771142182898146
659 576 41.00404403418085
660 6602 53.991069070590285
661 281 2.1086777236033525
662 1194 39.69046227241207
663 1381 15.466670501948272
664 492 0.59874717566259
665 483 3.8199617141083277
666 751 13.768893523830998
667 326 9.957276636030747
668 417 15.352809742747842
669 59 0.4391290616018298
670 305 7.832465246943229
671 1980 23.116160383754675
672 114 6.329263301606031
673 953 33.1694332174512
674 3825 18.01791282430652
675 497 15.422067978693338
676 5061 67.90910768698542
677 388 11.661144762060674
678 3367 3.621241488377552
679 183 9.897757827449393
680 1674 11.805883270501639
681 213 8.583864481225396
682 366 0.49333240154008434
683 297 11.13471336546733
684 1988 76.71137704112915
685 639 0.5402275995101136
686 763 13.972919951752672
687 3232 32.33431892348536
688 161 7.607395864382383
689 277 2.0634910277576575
690 1634 23.889064736979478
691 1484 10.820818088732457
692 1020 44.144000281082384
693 266 2.8883361621752686
694 2471 1.0378793260818198
695 1036 43.61114723311459
696 677 33.904797628406
697 536 9.785626033788574
698 215 0.3501811591405057
699 1572 3.5690763818210742
700 861 15.016006637868593
701 1162 44.15729416506949
702 354 1.0846335967579772
703 18787 65.99037910600357
704 634 33.93586842873403
705 1356 12.517471123418332
706 680 2.2110260742520813
707 259 3.3154670986892603
708 2733 23.78417197299756
709 865 8.38996319674068
710 1523 3.39184390043506
711 3268 15.70419322406127
712 1292 6.1475087915465245
713 110 0.5222699873512927
714 1675 8.989498020840252
715 271 38.462958129535735
716 495 6.893643908774867
717 764 18.743022361493566
718 265 9.140183661082599
719 1634 47.18548811809167
720 4851 21.79677666460231
721 2457 30.56633582858299
722 1164 32.730008015481154
723 775 21.029573882195592
724 1395 1.4697361532176982
725 167 1.393432710885147
726 19880 14.562845078818897
727 127 0.4462456968912597
728 651 2.9200996298052346
729 2938 26.655137784422166
730 1549 4.982625402125415
731 1833 15.25079073725438
732 509 10.455370449592817
733 5870 9.920031675822436
734 3109 3.95312333493437
735 1644 32.88884581704626
736 5172 37.379168552132285
737 1798 21.889292151160546
738 15598 16.215394820362103
739 3311 23.509988849369186
740 3686 32.01861784687806
741 147 0.15568257459107918
742 13344 41.2332848646403
743 2859 65.99303703337621
744 124 0.34628307158179883
745 3601 17.492859812477896
746 25307 48.61749166405404
747 17867 86.97649371348439
748 14578 26.374056173233235
749 7802 34.06971731143156
750 5913 14.31404045115267
751 3001 11.485475994483371
752 4763 54.177728622680874
753 3039 45.597848715901385
754 2891 10.349388877477425
755 1494 5.87092874561581
756 10201 38.807463586703875
757 54447 34.72434351047186
758 24438 24.667825487994538
759 18308 59.49768608966528
760 8084 22.820547045005615
761 7338 40.62618861554571
762 1487 1.4566357064202613
763 10753 54.38133767415139
764 2854 45.88443575800351
765 9826 33.03952450744946
766 7699 21.48050068185644
767 9918 57.899433510888855
768 9123 50.5932525556103
769 329 0.5036969283255367
770 2258 9.892632707178565
771 2029 5.871706741498416
772 2411 15.652838932072273
773 4402 21.556589837481873
774 2246 40.425534404020404
775 6191 12.776135256225125
776 2451 13.023759183440232
777 885 4.9243641283280075
778 12540 23.71443072323115
779 17228 58.03281212113724
780 35102 34.45883726102206
781 1486 18.73927137886353
782 4275 24.06960611400516
783 43398 18.81362886623413
784 42810 32.316929653728124
785 586 0.10370936081557135
786 11324 57.50770042177802
787 1207 17.234819234683712
788 172 12.845993108848381
789 6627 25.35727269778856
790 158 0.27834337456389757
791 1826 31.66239071377937
792 245 7.556310685609354
793 277 67.7857121345736
794 1162 29.281558447375044
795 1874 22.19540708296718
796 786 25.06739799566639
797 1446 5.092740970228434
798 867 13.774743743986459
799 118 6.086020475770544
800 1910 35.80333113512495
801 320 6.5590697717518385
802 1886 74.32118604410522
803 351 8.248177211631868
804 181 2.150827725842745
805 389 8.193149929652185
806 178 1.606615165784552
807 937 14.180961456192074
808 1714 13.953178161443219
809 2076 21.92751047495201
810 300 2.941216716062005
811 187 4.2547583232045865
812 1054 3.4172922808908766
813 242 1.7326752093059892
814 7221 26.570235460550396
815 4042 152.39601496223148
816 1649 6.18597576513868
817 482 42.32039453464649
818 512 6.341081889182498
819 942 14.270839864895127
820 1802 59.47561764764933
821 885 12.493736264415125
822 437 8.03720943880821
823 126 2.9565804938092377
824 1131 34.8452548814898
825 253 4.936123642271702
826 296 4.494696500524327
827 14511 34.63656163657901
828 2297 10.482665170649438
829 2180 109.6878834959853
830 764 52.75594018196223
831 633 5.713611800517994
832 2460 8.584067957071616
833 2312 23.824889536167735
834 307 4.267840237097624
835 1668 33.252825109614406
836 94 2.260507770692374
837 1024 16.665362156118096
838 665 14.963621453072369
839 452 3.5103884651203017
840 2908 23.499132814514972
841 1838 9.590097714738446
842 4518 44.39629913343228
843 737 6.557609919428198
844 335 3.391291774324823
845 14707 3.948583931663004
846 7567 5.918489197633348
847 26540 53.08579808091775
848 306 22.093275721740795
849 3528 50.622773155705744
850 627 66.40287792839194
851 127 1.7205682034048033
852 150 61.94939976555876
853 1574 45.50378225690621
854 871 36.682947951882404
855 4610 63.15603701638772
856 2274 53.57495208472008
857 403 28.9760072247439
858 2750 5.548226092167222
859 6200 65.82318180624775
860 238 4.260583832820847
861 894 15.163888018013983
862 3877 123.34296297897906
863 9448 46.307393316108026
864 17416 67.18129157355169
865 7106 80.38522803966659
866 4401 35.24558916875291
867 6594 86.6776541049611
868 2603 97.40861502061013
869 574 43.946646084846726
870 857 14.79457897102226
871 608 5.08097527864994
872 13588 32.54431371882804
873 77 16.96787050750814
874 1166 189.64339989220028
875 600 58.87504305039251
876 199 2.737455926436725
877 4842 44.277166149032354
878 3298 58.1663471027665
879 605 440.59075022741416
880 385 2.7194774647604545
881 2835 46.762481138908754
882 366 111.11551173210069
883 436 122.15848837909674
884 1770 86.98379722222651
885 259 182.18139890995633
886 187 63.59056798718758
887 498 42.93240740883741
888 59 9.785766961082444
889 2220 22.017385408735485
890 748 16.087710444990478
891 609 32.79096196584695
892 17 2.328144377502907
893 533 3.5902691441041426
894 36 0.21013301992132782
895 3663 72.34862748398834
896 36915 67.01951205951534
897 1509 106.89945822142805
898 4084 29.75756065279067
899 31 0.30464079370251906
900 736 21.118946883151583
901 142 21.41804209131471
902 719 85.57950886258932
903 5025 79.85126108692396
904 486 0.4981208407143199
905 4602 71.83880079753266
906 269 14.412615811347388
907 4972 83.65971502570669
908 33439 75.96458902512289
909 1217 0.5777532559996417
910 2148 64.93965068564025
911 36 0.09512283454595157
912 1998 90.3491900348573
913 1157 27.122215624165054
914 1044 31.90058216485945
915 2135 41.4632550421083
916 1403 43.083556757791925
917 2381 39.1002105029058
918 3037 38.374722971689444
919 2842 92.80195506697328
920 2410 33.21927939434468
921 65 43.9677461826078
922 632 52.45955849988494
923 158 2.7232805711841137
924 2208 48.504246351720546
925 224 110.5956946518671
926 2028 75.4992204597087
927 3938 1.1907059028844922
928 634 36.1663795353492
929 1236 63.72799680925163
930 1074 58.852037152295686
931 1748 98.5535141475559
932 599 30.809916493821593
933 1572 32.75398804936548
934 205 4.135915301538077
935 1428 40.474176328230094
936 646 52.93539931459142
937 459 103.00561006460262
938 4080 90.11722641185982
939 638 33.20253916234361
940 5492 129.48642310311863
941 929 47.139505665663314
942 546 28.84176529003223
943 15836 210.41874093625145
944 381 30.68637885580937
945 1259 9.01129039980108
946 1726 31.953003643260125
947 1929 37.0482805325739
948 1369 38.62603958010616
949 1148 30.403056693698968
950 180 4.000612358049535
951 5499 43.19938625198264
952 161 34.49805558944675
953 516 9.53496039363889
954 2915 86.1579872184736
955 1223 37.607341810077884
956 423 98.65098332501927
957 963 50.277014024775404
958 6364 82.72490104201255
959 187 35.68661592254482
960 1599 8.039655009984601
961 265 2.8516413975663206
962 260 38.370323723507596
963 1753 8.944670400017298
964 403 2.613591259882285
965 2304 3.392391779421372
966 1304 255.79172335933603
967 2253 106.00508651005333
968 7494 210.5050143089466
969 1072 55.33466834595372
970 6120 226.3535560782521
971 201 6.200560002594607
972 1010 147.7534768500858
973 4778 63.566925020502026
974 1623 72.06724432700074
975 2086 50.881637675541356
976 1239 65.22077013484233
977 526 12.03785693215567
978 150 0.4676600818227729
979 39506 120.19355842575332
980 1733 0.041535713678982296
981 1914 28.151096066854365
982 31637 68.05335854837938
983 1350 18.68796148862466
984 7109 17.73306594470708
985 3892 13.31588254462955
986 15551 24.289724894478276
987 12790 81.52154372916013
988 3556 61.649420383414906
989 1989 24.302231516130576
990 8617 74.78589089988061
991 8680 48.785707501347495
992 8897 40.92070581021997
993 17537 22.613281605937942
994 2758 96.10584682245631
995 10705 18.23468216841159
996 2356 33.51312322682576
997 2512 27.77515301229195
998 30112 106.57939225973247
999 153 0.2357103585035915
1000 1679 48.44339240181808
1001 5015 33.19086034375449
1002 1582 22.101540624898647
1003 14992 27.855565740072926
1004 2806 15.980567863634889
1005 1040 25.98907176403906
1006 173 0.1803811446230639
1007 1898 34.77245647470181
1008 64 0.1783135674759883
1009 12390 14.996141294863142
1010 5368 51.13280177359895
1011 24931 107.22042264288483
1012 1023 24.817833132817604
1013 1123 47.05001528964613
1014 6423 54.89986633142702
1015 4488 42.460736883723015
1016 2393 15.308260115490883
1017 6735 70.54767280775046
1018 9866 38.93893253559476
1019 3631 28.068983717299076
1020 1169 28.958336872603272
1021 4871 23.567942399733127
1022 1809 58.026436415921616
1023 4409 42.97240952467733
1024 168 0.20607856098174973
1025 22156 7.977969009895027
1026 30124 15.062614189718253
1027 2606 48.524401657459414
1028 2508 39.1057344667234
1029 85 0.05819872524505905
1030 326 0.3422494621596702
1031 15567 47.21245503840172
1032 6175 29.180238672920492
1033 2338 24.57202890515323
1034 1700 26.609516723629607
1035 1973 20.25442975025367
1036 287 0.5193664989953621
1037 6356 62.885309507225514
1038 224 0.46363844156806905
1039 3457 1.2871789367363864
1040 188 0.8145392951627575
1041 6382 102.48843701206337
1042 2328 17.094600052201013
1043 1174 18.71406315396056
1044 314 2.3660364449565017
1045 124 4.685389275934869
1046 37205 100.77119005956784
1047 3895 52.93156763660681
1048 4244 23.725884058150076
1049 119 0.08254517009345216
1050 6617 31.946301681706633
1051 534 18.640830382225708
1052 61 0.03974033856527521
1053 4488 52.271624424514705
1054 596 13.06795591330925
1055 6451 70.53091172623193
1056 2873 43.19437580405778
1057 1531 38.42801819931212
1058 1926 16.684237919249046
1059 2443 54.380638829214654
1060 1281 35.886077464451574
1061 10750 60.06362114419063
1062 7941 64.66426523983895
1063 399 0.8942875411005765
1064 663 20.45138587514691
1065 2000 29.960377422598096
1066 695 0.5547658908072161
1067 1855 71.35911093024369
1068 5184 78.15880459677805
1069 2027 21.288874697488946
1070 385 1.7574923127056958
1071 339 0.530880838057937
1072 2338 10.729236197233346
1073 10741 67.98332115824475
1074 5610 40.818970203722955
1075 3342 34.125867378536114
1076 5438 0.9975945834498074
1077 16029 1.6997445548010262
1078 19931 4.365607099337912
1079 19201 3.467991357488915
1080 16443 3.9440008988458635
1081 13897 3.140837332064859
1082 22854 4.159302668583793
1083 13243 12.727169392290621
1084 27606 4.5732196442609
1085 6517 4.668261397350103
1086 20356 10.661375265059144
1087 8793 3.6553227273639877
1088 15245 33.89025586218932
1089 15363 4.988984118845338
1090 8891 2.9721906047441147
1091 98 2.443477730398751
1092 1610 44.161476423828994
1093 1153 35.38996010792328
1094 1684 17.385840011613954
1095 293 0.959370468125721
1096 3625 38.6549999459457
1097 5889 145.39135200626413
1098 624 7.579743998813894
1099 331 63.7279354190058
1100 526 2.3022465741154012
1101 443 3.8751785722559333
1102 1419 49.09963829948247
1103 6460 162.23656789143425
1104 3784 46.128227621131835
1105 1325 25.331464856207827
1106 1079 0.886485188348363
1107 2018 76.86236963260062
1108 1049 0.8068157072542421
1109 1076 12.14726091395018
1110 11323 38.04109246838209
1111 2149 119.34531395512258
1112 866 77.39045779362684
1113 5561 95.3880207166983
1114 2056 133.41816487180637
1115 1267 15.863844929011254
1116 3889 52.94130667786878
1117 189 80.66759614330259
1118 2460 49.183759538654236
1119 62 1.7007372234929274
1120 1374 29.089831304237702
1121 1590 38.15358719808741
1122 790 18.497598830573732
1123 1206 243.06369025647996
1124 6941 108.16888919948664
1125 8205 57.88657283354208
1126 102 0.18416108491622354
1127 165 7.940446056120724
1128 1658 56.1801521860333
1129 177 4.9387645811486385
1130 6735 37.81141997569101
1131 1469 36.97312806082499
1132 10093 30.420897316898767
1133 65 0.16776293944219048
1134 86 197.91453551136144
1135 3342 52.080798443853794
1136 905 29.109140660111166
1137 11096 31.541911004993075
1138 333 61.66129032258065
1139 824 28.324183355289676
1140 60 0.2760163367552282
1141 2315 21.187891604130986
1142 243 2.9563716125325676
1143 8906 134.09404252066034
1144 8830 453.357717101392
1145 1118 45.58284671589212
1146 1534 25.388041180113575
1147 7372 26.706484354367664
1148 236 2.946353805500257
1149 725 10.910155568288348
1150 5453 54.28936273063813
1151 4280 37.6422060642752
1152 2374 34.46366237990292
1153 241 0.1099920154070212
1154 3264 68.45534844176885
1155 16135 19.8860091243666
1156 77 1.9794589781883158
1157 2271 52.00549346174577
1158 3305 1.3068384872825665
1159 255 5.216086329357511
1160 1266 217.65250263707784
1161 14125 42.010381901383326
1162 2725 11.147652035453445
1163 1970 25.53302872445741
1164 1635 15.774440653779092
1165 2069 36.85739007284976
1166 1820 43.609309000659465
1167 286 0.20829131254662184
1168 108 38.33661352871133
1169 460 96.12505733617299
1170 3789 85.81892734638153
1171 3950 86.11490516558378
1172 42986 112.88851415527795
1173 51 3.593060276727151
1174 104 2.3809886377851943
1175 4629 76.31224237332374
1176 826 43.04957436096229
1177 4164 28.072334311973645
1178 2222 50.91337952144952
1179 4429 71.49902045878204
1180 3083 2.3184377688236393
1181 1189 38.34601550277453
1182 451 9.726430778829863
1183 847 4.016635598311653
1184 725 66.91363087396545
1185 3540 93.83681854896625
1186 310 14.44477966693282
1187 766 46.13461104839096
1188 28 0.015108178107388915
1189 3032 21.356079255965664
1190 1452 20.250324711929167
1191 3083 35.78755808907223
1192 3532 53.749057910693026
1193 256 6.919470669362175
1194 176 2.55000216217218
1195 1132 44.17013592340968
1196 815 29.450745717740777
1197 98 4.184371896703769
1198 658 42.699498607715554
1199 1361 11.832771039865822
1200 3641 72.34926841359882
1201 11596 15.079566005711223
1202 2070 74.53875075869077
1203 314 17.509339811613028
1204 2144 0.8727291400577918
1205 38546 8.748766403550905
1206 33257 53.76162785310202
1207 38158 140.68473406054392
1208 3881 9.74913204231062
1209 9760 5.45312410713872
1210 4777 80.71840178410093
1211 2716 35.15288989755937
1212 1822 17.82089723967833
1213 1719 39.5586427427463
1214 2852 17.71265310881749
1215 2726 83.30653346656432
1216 357 8.964906015008564
1217 1271 3.828486850132124
1218 1880 5.540331847097361
1219 11299 127.65736173295011
1220 1711 50.36360322904971
1221 10901 108.81115781231419
1222 2197 46.27716151580625
1223 650 27.206451535682792
1224 2432 58.18422401957075
1225 49 0.3964724933088493
1226 5457 63.40337600019768
1227 1868 55.33530695895116
1228 2267 99.3011859514407
1229 220 0.18425838266432124
1230 1525 48.00506450222935
1231 345 19.80600875370851
1232 3984 44.13803191366138
1233 1092 55.26109387379401
1234 282 3.208284362707472
1235 4491 35.22634313363614
1236 378 1.2247330875664288
1237 243 19.310318040083583
1238 271 12.356407828916582
1239 91 0.30952421401180236
1240 10088 180.98809531163852
1241 19 0.03621406740108448
1242 2211 107.50403322331995
1243 69 0.0913096894657427
1244 2424 183.5290939571921
1245 1391 41.31294507928222
1246 127 2.4482152040858876
1247 1815 66.41512663379136
1248 2461 66.51748888411838
1249 3512 20.238399174050226
1250 2861 85.07449725635794
1251 2357 78.70616157294937
1252 593 56.82070071367126
1253 1891 53.776303596773424
1254 1646 46.048545784768116
1255 16582 88.81954819867892
1256 399 0.9839524353008585
1257 882 43.353748357135245
1258 266 39.11424608917107
1259 3181 49.60245607315555
1260 3329 36.75358573089914
1261 16452 102.27863874272776
1262 430 72.63536896696047
1263 602 124.7007654089517
1264 2249 34.90244858277336
1265 126 0.567197994739744
1266 160 1.0529380831108097
1267 16646 159.42661317349732
1268 93 0.19648160532017908
1269 211 0.7851148345088858
1270 1853 62.48351073441267
1271 1244 35.146145850868805
1272 897 33.79525696644154
1273 877 31.34751319311132
1274 1131 157.7045445770405
1275 2272 20.169513912805773
1276 479 134.41695444148775
1277 846 51.641337334381475
1278 3176 72.22036202484335
1279 27 0.27289663118130275
1280 503 19.351561474416098
1281 1507 22.349781157287214
1282 134 17.000925100811276
1283 87 1.8619456924124744
1284 2281 65.52021746818905
1285 2805 49.04973189064969
1286 1162 89.6027564606477
1287 8153 32.959776261511635
1288 5216 90.72360219429588
1289 2287 36.21948866172353
1290 2338 60.685809355101256
1291 953 40.26026143750473
1292 554 39.56063348556055
1293 3806 58.797443463058514
1294 1137 11.5868162323532
1295 2539 27.748048639607596
1296 3800 13.30645122680105
1297 1092 26.933588109288536
1298 189 1.9675218572441262
1299 782 48.547870105961884
1300 5848 93.72116975059343
1301 3310 79.56302809124985
1302 1228 57.47779989714238
1303 613 45.831850958382816
1304 1045 37.19177270319399
1305 44264 49.18163057126134
1306 201 2.8650731200298996
1307 1631 53.05001374523743
1308 513 5.684676917422011
1309 727 6.019003176848696
1310 5948 96.87077546305234
1311 1045 22.150931201225642
1312 755 36.709765836752915
1313 2670 114.45920212757743
1314 172 0.4677226303751214
1315 464 15.507664128173566
1316 3629 63.64786361944534
1317 991 35.31190376171627
1318 19104 28.961344222444275
1319 105 0.7175573786442254
1320 3800 20.380109483132742
1321 1236 22.308609924061425
1322 2250 33.2990384511434
1323 1398 68.5545176271087
1324 718 10.055125738034308
1325 3975 89.70399283703244
1326 391 15.1945468473213
1327 205 3.094358738341645
1328 1199 23.816435442944137
1329 1771 36.79891682895828
1330 1517 30.077242828924305
1331 1149 40.02800553516078
1332 4354 63.44011748316981
1333 2348 31.58536873529916
1334 977 27.89161339743659
1335 13999 107.24683203165421
1336 22455 107.29789867752282
1337 3442 56.57580652883334
1338 58 0.8447359601666108
1339 11759 91.44301247727789
1340 5042 110.48744511557582
1341 709 27.734549349263393
1342 4255 35.73392463594426
1343 118 0.34820779092412785
1344 1511 42.21442145677895
1345 4409 10.356368060392558
1346 1405 39.75587338628596
1347 529 11.914338213150023
1348 695 12.497776051472053
1349 1888 54.41616563474425
1350 724 23.990840884204868
1351 83 0.3880477438505507
1352 305 8.13051643482518
1353 67 3.2598938682341387
1354 4551 66.19142019190822
1355 22004 51.092538266586565
1356 6596 185.11382446559597
1357 182 0.47978137350443323
1358 94 0.9165003853299707
1359 432 4.409566376369312
1360 4189 56.50278611329473
1361 688 15.197141840039412
1362 1149 26.70412218126107
1363 6371 110.25544944609781
1364 19773 23.234361317504174
1365 6177 0.7120673918180316
1366 18763 39.642014943698584
1367 9579 23.1902472135006
1368 28026 27.047920685346806
1369 9464 65.91238608055328
1370 12704 47.929410869857314
1371 1986 33.42298612966547
1372 9858 25.870578550943094
1373 1467 24.451978541985522
1374 5672 74.0553697546089
1375 9822 66.80416009649466
1376 2362 32.17195214804084
1377 1751 40.49661388392533
1378 23306 69.10485376766225
1379 1688 63.1778687777704
1380 3039 22.39330452496305
1381 674 0.7575154788361954
1382 1595 13.536972758174942
1383 1807 19.86653528896659
1384 9392 18.716747336281095
1385 7989 23.203961562756277
1386 2219 17.288869292058497
1387 2742 25.680025158417724
1388 125 0.22848793121821415
1389 5201 54.1735614219062
1390 1166 17.307407215786327
1391 101 1.8682885789432229
1392 2217 29.228144300282473
1393 237 2.273692773866134
1394 3969 45.645714188637164
1395 24742 8.69435418233598
1396 6440 13.10401322322729
1397 15072 23.36770903957856
1398 19533 16.348336749050574
1399 17329 61.96044460437655
1400 1344 24.85793409081432
1401 1405 32.33630619138004
1402 8116 48.195324843203906
1403 2285 39.847298134199846
1404 8933 26.94159625450002
1405 443 17.74289185895842
1406 349 0.9579747087631294
1407 3329 72.3495375268148
1408 14870 50.43229852802407
1409 1896 37.33156640107985
1410 1318 40.39539488213845
1411 5040 49.49973320339708
1412 7150 3.4818045489013847
1413 844 8.515579608863053
1414 6732 51.12620019861096
1415 20374 28.274158026987
1416 41937 39.484846647938134
1417 4330 52.87974345827085
1418 3095 35.16887607201269
1419 426 9.92927843681129
1420 7353 6.955197089716246
1421 31847 33.88020137545039
1422 1079 21.260839046358516
1423 11086 19.708046909869854
1424 50666 121.9316680231723
1425 2958 46.056145819980635
1426 1905 42.43029272722499
1427 1281 3.8080570257468374
1428 11183 79.94975691007063
1429 4566 47.098949493202284
1430 5882 27.09012512799287
1431 1117 0.47458791314863236
1432 3352 36.07468412981064
1433 85 0.03994690322889527
1434 703 17.020583879153108
1435 45100 32.895763609715566
1436 3782 35.12211562370173
1437 588 0.5731570957085516
1438 29961 41.13067126179735
1439 1591 30.89577171786124
1440 265 1.0890714551573213
1441 5283 42.25030000138997
1442 6218 28.078740519261093
1443 104 0.8487935079235889
1444 119 1.0332924322429293
1445 5033 23.161520825579114
1446 2018 46.8546645775965
1447 2125 23.85828042446529
1448 7728 70.51168306571304
1449 1214 14.460580898444316
1450 1618 28.133114902462868
1451 41676 14.942347995434728
1452 1663 37.668615066942394
1453 36 0.03963261605845278
1454 151 0.3081825089537094
1455 2286 12.325985680242534
1456 2077 50.99211038815624
1457 3200 24.62912685309739
1458 396 0.5788551916070653
1459 5794 24.428179203919093
1460 11549 1.0239066744710785
1461 3911 0.837277624452314
1462 1618 2.6480076355566124
1463 8691 1.7978809168227807
1464 20751 4.843995030092803
1465 23552 3.902593757191153
1466 11125 1.3571711529165387
1467 7926 0.9131235357075014
1468 14694 3.205428364919065
1469 22611 4.049507179183842
1470 10641 1.9047964700994753
1471 24465 2.259491549767798
1472 19775 2.86317002240937
1473 39999 4.929259903906891
1474 22431 2.7719962409092243
1475 23480 3.2131094815883317
1476 19039 8.165317368265798
1477 11536 7.031756517790816
1478 24227 3.809503750596528
1479 53555 23.00556334623944
1480 14046 1.2777093947925628
1481 22665 3.4323514240220416
1482 39889 20.273764588870684
1483 33385 11.842299269340245
1484 29267 6.919723952388969
1485 23426 8.649996833962165
1486 20857 15.815580998830882
1487 5713 1.1619521017085794
1488 12817 1.672096936356462
1489 107 0.013896589482267872
1490 5981 2.4563839678021675
1491 30389 22.18650240850537
1492 16898 8.209707535324489
1493 14491 113.28269937930214
1494 7142 39.302125338032454
1495 132 1.4521140638489445
1496 3817 37.23077713101373
1497 1325 37.36583258300811
1498 20467 60.52032132967411
1499 2468 34.01910588002724
1500 4799 50.47622460026842
1501 27007 127.14285278541831
1502 10717 18.678354494306536
1503 1964 30.205412148627715
1504 8096 51.136286345728244
1505 5726 38.63812998361382
1506 4629 66.17095098510109
1507 2941 36.63600796606008
1508 11415 124.10093135566652
1509 325 0.3507977643139659
1510 8019 1.8918562557046597
1511 41104 31.818879855814004
1512 11073 50.6234994138969
1513 20087 78.00883865098989
1514 655 11.981749336290362
1515 7524 30.517546027240282
1516 1719 17.224177486536618
1517 9105 10.773276169619319
1518 17813 53.04413186470362
1519 6220 65.9552102171902
1520 8016 64.1215001768348
1521 2672 27.131006012383068
1522 8598 43.712197508251
1523 234 1.5257383431892348
1524 2288 24.788625661586078
1525 1732 26.177221284422938
1526 1595 11.703946504771451
1527 275 1.4800327260203523
1528 833 1.2940349530576976
1529 1820 23.768803562024225
1530 8275 58.51200854984656
1531 4267 35.34681048715284
1532 308 5.6333955987440865
1533 6025 33.406002653294145
1534 7192 67.6527613255351
1535 10691 37.30424040574705
1536 1701 1.1376944603604342
1537 5393 39.603835230124616
1538 1325 2.8811554339247905
1539 1351 32.72500722011067
1540 4895 69.91746911568703
1541 497 2.3109666917375677
1542 4721 102.76099001230894
1543 13976 46.904126196723695
1544 6389 3.74350614751883
1545 2365 28.325379499827797
1546 2883 34.13502147500297
1547 11581 40.79027895109939
1548 2761 37.79755736320014
1549 9565 46.81130105622111
1550 2865 45.60544797890955
1551 19804 16.716006020105112
1552 12820 135.43451398230417
1553 67 0.39001184561472874
1554 5575 49.29923227443525
1555 4431 40.6430798134972
1556 2000 32.137151600702396
1557 31426 32.33435676149851
1558 687 18.22265894668238
1559 207 0.33826064058984057
1560 242 0.21167125098649106
1561 4129 49.22128133412201
1562 97 1.8508931315511887
1563 3152 25.167638614541843
1564 2101 28.23681499682624
1565 173 1.4350483477143523
1566 4695 34.16035865803239
1567 4249 30.076286839939026
1568 91 0.11238237397238907
1569 1537 20.001770664574508
1570 5651 43.689872694390864
1571 974 3.1371805583655212
1572 18057 42.518931361844146
1573 2164 38.8368656534316
1574 3086 51.8734237378706
1575 14487 42.10301553520711
1576 6048 23.74113586626656
1577 6211 76.28800982861696
1578 1176 18.35533214825706
1579 5081 74.73183003164493
1580 50587 42.59588693075026
1581 120 0.049520692759966456
1582 10256 11.149857451076993
1583 749 0.24079571025039498
1584 7854 43.813081373349995
1585 5446 67.53046539211765
1586 1748 40.41132391346987
1587 110 0.1667876453481638
1588 1743 0.36486423875322976
1589 12610 1.8074763280756514
1590 28255 9.729652801480162
1591 16223 1.6851201627189005
1592 12268 1.749122775858421
1593 42571 7.2747418134755835
1594 14233 4.332388026508231
1595 17396 2.8945219051207958
1596 34515 17.027995496504232
1597 14730 1.8270215923780342
1598 1224 0.24294398275204365
1599 16099 5.775980429252954
1600 28534 5.944249548646558
1601 22789 7.685391978650094
1602 22920 9.67361933723245
1603 14749 1.455983193744527
1604 25141 4.478521908209613
1605 33802 4.12318782944168
1606 12108 4.600866104398939
1607 27173 19.08528765384241
1608 36296 27.925670698088176
1609 10387 7.634059694485071
1610 30041 13.63305389831922
1611 2320 0.1538617167338227
1612 40730 92.30672728985617
1613 6356 78.78399591040576
1614 239 1.9891300654674848
1615 183 10.503472216859691
1616 1535 50.568530819447815
1617 3540 48.503820094919355
1618 1766 39.98006400029653
1619 3342 26.001613134887112
1620 487 18.174609689311303
1621 2747 43.43306609914795
1622 3104 12.339874161579127
1623 636 27.26804178243297
1624 2163 32.96254422800415
1625 3497 94.27278195883532
1626 675 0.24445711717583246
1627 230 3.712751564872115
1628 153 0.33280965008332086
1629 1295 43.229714963930334
1630 2540 74.44722639641573
1631 2156 40.6704737628128
1632 5450 108.75998305783656
1633 1031 26.794124528762296
1634 948 35.32541309071702
1635 1576 45.80296279365001
1636 211 2.2371895159359814
1637 3833 27.716372817171354
1638 2751 82.86545034185487
1639 282 5.230100293900976
1640 4252 110.24097795047699
1641 3651 65.8713874349997
1642 2903 79.1454373533777
1643 1431 26.052079005771457
1644 1873 61.51341087294613
1645 314 0.2255890760883834
1646 1783 43.44510090394241
1647 2094 17.43013249482237
1648 2289 43.44894146227705
1649 746 17.902490281808255
1650 4426 11.09270042950006
1651 169 0.2518034832593819
1652 1166 54.979409171007745
1653 667 16.60211784765026
1654 2916 75.39595704690524
1655 110 0.137029206312925
1656 3487 46.186306268600475
1657 18775 63.42821163650179
1658 2088 53.218141551234986
1659 919 9.124144204529133
1660 2963 29.687617857688917
1661 4255 73.84254676083441
1662 151 0.17812360520589285
1663 2537 54.018852210898274
1664 667 14.35422210450396
1665 1453 0.41548300609886996
1666 6932 112.62718784797458
1667 2225 72.62077932407409
1668 2401 54.9612187392374
1669 320 24.917589193463446
1670 1033 29.04323958257722
1671 5121 42.051371666586874
1672 163 0.2104264575743208
1673 5475 108.66542933789654
1674 4135 1.0402330049405635
1675 1174 24.923696943769624
1676 1479 55.87622104812841
1677 1100 27.665418527035648
1678 2269 68.73252964878601
1679 3076 67.64598098524009
1680 591 3.36945885463562
1681 2552 55.73745206541498
1682 12356 120.79527704375464
1683 3478 77.54281023695863
1684 2520 60.80867556143117
1685 1931 8.607703201713676
1686 946 17.314261301596765
1687 520 3.8507193855724426
1688 2380 40.293705994004604
1689 1745 37.29933690812467
1690 733 41.26495914266784
1691 784 30.739469835381477
1692 3314 54.25685601632131
1693 1169 49.46253766426717
1694 3754 77.54810099506253
1695 678 22.674012775348768
1696 919 16.872514467248497
1697 2216 60.83339922810453
1698 191 0.08999192274249919
1699 19850 89.86887931527096
1700 1009 29.966535366187024
1701 5648 79.68298694820207
1702 1956 36.034434908578724
1703 793 44.05094540978568
1704 3061 58.85628504842494
1705 915 19.604228668240935
1706 938 16.731045085923178
1707 13043 100.57368953060787
1708 20453 79.82171037085887
1709 792 34.158833168339
1710 2398 38.97262574189533
1711 63886 125.96231449721003
1712 2755 0.23409838192300506
1713 37 0.02276072321570602
1714 956 28.007232079839753
1715 215 0.3770608203590132
1716 1598 36.07648104933305
1717 1029 31.162533571584117
1718 1039 20.990683740619648
1719 1404 34.209760431322465
1720 1307 12.452139546592495
1721 2607 19.940102811287158
1722 5569 67.06136206036476
1723 1378 20.156602269971906
1724 9821 61.298965863934505
1725 5456 57.16970464728022
1726 605 6.429550638844659
1727 2448 73.8869106729452
1728 250 2.3161578354803187
1729 401 42.301963561221136
1730 781 16.039182420922412
1731 2398 43.11248816596834
1732 1668 55.075487608436795
1733 192 1.2286026035641864
1734 3826 33.226538501336684
1735 4136 72.09613094732485
1736 273 19.161530092031313
1737 873 42.007178025535254
1738 6753 77.61060475955873
1739 1590 44.94982563625778
1740 4149 52.16701544563141
1741 8189 42.89290336480323
1742 6 0.0226653559784833
1743 1454 11.251295372797093
1744 9616 113.61304955853078
1745 980 25.55955124116405
1746 1734 58.36071595698513
1747 16736 37.39051841166832
1748 7567 20.868332980693346
1749 16269 5.615009027068851
1750 9070 4.166151735065954
