0 0
1 1
2 1
3 1
4 1
5 1
6 1
7 1
8 1
9 1
10 1
11 1
12 1
13 1
14 1
15 1
16 1
17 1
18 1
19 1
20 1
21 1
22 1
23 1
24 1
25 1
26 1
27 1
28 1
29 1
30 1
31 1
32 1
33 1
34 1
35 1
36 1
37 1
38 1
39 1
40 1
41 1
42 1
43 1
44 1
45 1
46 1
47 1
48 1
49 1
50 2
51 2
52 2
53 2
54 2
55 2
56 2
57 2
58 2
59 2
60 2
61 2
62 3
63 3
64 3
65 3
66 3
67 3
68 3
69 3
70 3
71 3
72 3
73 3
74 3
75 3
76 3
77 3
78 3
79 3
80 3
81 3
82 3
83 3
84 3
85 3
86 3
87 4
88 5
89 6
90 7
91 8
92 9
93 10
94 11
95 12
96 13
97 14
98 15
99 16
100 17
101 18
102 19
103 20
104 21
105 22
106 23
107 24
108 25
109 26
110 27
111 28
112 29
113 30
114 31
115 32
116 33
117 34
118 35
119 36
120 37
121 38
122 39
123 40
124 41
125 41
126 41
127 42
128 43
129 44
130 45
131 46
132 47
133 48
134 49
135 50
136 51
137 52
138 53
139 54
140 55
141 56
142 57
143 58
144 59
145 60
146 61
147 62
148 63
149 63
150 64
151 63
152 63
153 63
154 65
155 65
156 65
157 65
158 66
159 67
160 68
161 69
162 65
163 70
164 71
165 70
166 70
167 72
168 73
169 74
170 75
171 76
172 77
173 78
174 79
175 80
176 81
177 82
178 83
179 84
180 85
181 86
182 87
183 88
184 89
185 90
186 91
187 92
188 93
189 94
190 94
191 95
192 96
193 97
194 98
195 99
196 100
197 101
198 102
199 103
200 104
201 105
202 106
203 107
204 108
205 109
206 110
207 111
208 112
209 113
210 114
211 115
212 116
213 117
214 118
215 119
216 120
217 121
218 122
219 123
220 124
221 125
222 126
223 127
224 128
225 129
226 130
227 131
228 129
229 132
230 133
231 133
232 133
233 133
234 134
235 135
236 135
237 136
238 137
239 138
240 139
241 139
242 140
243 139
244 139
245 138
246 141
247 141
248 141
249 141
250 141
251 141
252 141
253 141
254 141
255 141
256 141
257 141
258 141
259 141
260 141
261 141
262 141
263 141
264 141
265 141
266 141
267 141
268 141
269 141
270 141
271 141
272 141
273 141
274 141
275 141
276 141
277 141
278 141
279 141
280 141
281 141
282 141
283 142
284 142
285 143
286 144
287 142
288 145
289 145
290 145
291 146
292 146
293 147
294 148
295 148
296 142
297 149
298 150
299 150
300 142
301 151
302 152
303 153
304 154
305 155
306 156
307 157
308 158
309 159
310 160
311 161
312 162
313 163
314 164
315 164
316 165
317 166
318 167
319 168
320 169
321 170
322 171
323 172
324 172
325 172
326 173
327 173
328 173
329 173
330 173
331 173
332 173
333 174
334 175
335 176
336 177
337 178
338 179
339 180
340 181
341 182
342 183
343 184
344 185
345 186
346 187
347 187
348 188
349 189
350 190
351 189
352 191
353 192
354 193
355 194
356 195
357 196
358 197
359 198
360 199
361 200
362 201
363 202
364 203
365 204
366 205
367 206
368 207
369 207
370 208
371 209
372 210
373 211
374 212
375 211
376 213
377 214
378 215
379 216
380 217
381 218
382 219
383 220
384 221
385 222
386 223
387 224
388 225
389 226
390 227
391 228
392 229
393 230
394 231
395 232
396 233
397 234
398 235
399 236
400 237
401 238
402 239
403 240
404 241
405 242
406 243
407 244
408 245
409 246
410 247
411 248
412 249
413 250
414 251
415 252
416 253
417 254
418 255
419 256
420 257
421 258
422 259
423 260
424 261
425 262
426 263
427 264
428 265
429 266
430 267
431 268
432 269
433 270
434 271
435 272
436 273
437 274
438 275
439 276
440 277
441 278
442 279
443 280
444 281
445 282
446 283
447 284
448 285
449 286
450 283
451 287
452 288
453 289
454 290
455 291
456 292
457 293
458 294
459 295
460 296
461 297
462 298
463 299
464 300
465 301
466 302
467 303
468 304
469 305
470 306
471 307
472 308
473 309
474 310
475 311
476 312
477 313
478 314
479 315
480 316
481 317
482 318
483 319
484 320
485 321
486 322
487 323
488 324
489 325
490 326
491 327
492 328
493 329
494 330
495 331
496 332
497 333
498 334
499 335
500 336
501 337
502 338
503 339
504 340
505 341
506 342
507 343
508 344
509 345
510 346
511 347
512 348
513 349
514 350
515 351
516 352
517 353
518 354
519 355
520 356
521 357
522 358
523 359
524 360
525 361
526 362
527 363
528 364
529 365
530 366
531 367
532 368
533 369
534 370
535 371
536 372
537 373
538 374
539 375
540 376
541 377
542 378
543 379
544 380
545 381
546 382
547 383
548 384
549 385
550 386
551 387
552 388
553 389
554 390
555 391
556 392
557 393
558 394
559 395
560 396
561 397
562 398
563 399
564 400
565 401
566 402
567 403
568 404
569 405
570 406
571 407
572 408
573 409
574 410
575 411
576 412
577 413
578 414
579 415
580 416
581 417
582 418
583 419
584 420
585 421
586 422
587 423
588 424
589 425
590 426
591 427
592 428
593 429
594 430
595 431
596 432
597 433
598 434
599 435
600 436
601 437
602 438
603 439
604 440
605 441
606 442
607 443
608 444
609 445
610 446
611 446
612 447
613 448
614 449
615 450
616 451
617 452
618 453
619 454
620 454
621 454
622 455
623 456
624 457
625 458
626 459
627 460
628 461
629 462
630 463
631 464
632 465
633 466
634 467
635 468
636 469
637 469
638 469
639 469
640 469
641 469
642 469
643 469
644 469
645 469
646 469
647 470
648 470
649 470
650 470
651 470
652 470
653 470
654 470
655 471
656 472
657 473
658 474
659 475
660 476
661 477
662 478
663 479
664 480
665 481
666 482
667 483
668 484
669 485
670 486
671 487
672 488
673 489
674 490
675 491
676 492
677 493
678 494
679 495
680 496
681 497
682 498
683 499
684 500
685 501
686 502
687 503
688 504
689 505
690 506
691 507
692 508
693 509
694 510
695 511
696 512
697 513
698 514
699 515
700 516
701 517
702 518
703 519
704 520
705 521
706 522
707 523
708 524
709 525
710 526
711 527
712 528
713 529
714 530
715 531
716 532
717 533
718 534
719 535
720 536
721 537
722 538
723 539
724 540
725 541
726 542
727 543
728 544
729 545
730 546
731 547
732 548
733 549
734 550
735 551
736 552
737 553
738 554
739 555
740 556
741 557
742 558
743 559
744 560
745 561
746 562
747 563
748 564
749 565
750 566
751 567
752 568
753 569
754 570
755 571
756 572
757 573
758 574
759 575
760 576
761 577
762 578
763 579
764 580
765 581
766 582
767 583
768 584
769 585
770 586
771 587
772 588
773 589
774 590
775 591
776 592
777 593
778 594
779 595
780 596
781 597
782 598
783 599
784 600
785 601
786 602
787 603
788 604
789 605
790 606
791 607
792 608
793 609
794 610
795 611
796 612
797 613
798 614
799 615
800 615
801 615
802 616
803 617
804 618
805 619
806 620
807 621
808 622
809 623
810 624
811 625
812 626
813 627
814 628
815 629
816 630
817 631
818 632
819 633
820 634
821 635
822 636
823 637
824 638
825 639
826 640
827 641
828 642
829 643
830 644
831 645
832 646
833 647
834 648
835 649
836 650
837 651
838 652
839 653
840 654
841 655
842 656
843 657
844 658
845 659
846 660
847 661
848 662
849 663
850 664
851 665
852 666
853 667
854 668
855 669
856 670
857 671
858 672
859 673
860 674
861 675
862 676
863 677
864 678
865 679
866 680
867 681
868 682
869 683
870 684
871 685
872 686
873 687
874 688
875 689
876 690
877 691
878 692
879 693
880 694
881 695
882 696
883 697
884 698
885 699
886 700
887 701
888 702
889 703
890 704
891 705
892 706
893 707
894 708
895 709
896 710
897 711
898 712
899 713
900 714
901 715
902 716
903 717
904 718
905 719
906 720
907 721
908 722
909 723
910 724
911 725
912 726
913 727
914 728
915 729
916 730
917 731
918 732
919 733
920 734
921 735
922 736
923 737
924 738
925 738
926 739
927 740
928 741
929 742
930 743
931 744
932 745
933 746
934 747
935 748
936 749
937 750
938 751
939 740
940 752
941 753
942 754
943 755
944 756
945 757
946 758
947 759
948 760
949 761
950 762
951 763
952 764
953 765
954 766
955 740
956 767
957 768
958 769
959 770
960 771
961 770
962 772
963 773
964 774
965 775
966 776
967 777
968 778
969 779
970 780
971 781
972 782
973 783
974 784
975 785
976 786
977 787
978 788
979 789
980 790
981 791
982 792
983 793
984 794
985 795
986 796
987 797
988 798
989 799
990 800
991 801
992 802
993 803
994 804
995 805
996 806
997 806
998 807
999 808
1000 809
1001 810
1002 811
1003 812
1004 813
1005 814
1006 815
1007 816
1008 817
1009 818
1010 819
1011 820
1012 821
1013 822
1014 823
1015 824
1016 825
1017 826
1018 827
1019 828
1020 829
1021 830
1022 831
1023 832
1024 833
1025 834
1026 835
1027 836
1028 837
1029 838
1030 839
1031 840
1032 841
1033 842
1034 843
1035 844
1036 845
1037 846
1038 847
1039 848
1040 849
1041 850
1042 851
1043 851
1044 852
1045 853
1046 854
1047 855
1048 856
1049 857
1050 858
1051 859
1052 860
1053 861
1054 862
1055 863
1056 864
1057 865
1058 866
1059 867
1060 868
1061 869
1062 870
1063 871
1064 872
1065 873
1066 874
1067 875
1068 876
1069 877
1070 878
1071 879
1072 880
1073 881
1074 882
1075 883
1076 884
1077 885
1078 886
1079 887
1080 888
1081 889
1082 890
1083 891
1084 892
1085 893
1086 894
1087 895
1088 896
1089 897
1090 898
1091 899
1092 900
1093 901
1094 901
1095 901
1096 901
1097 901
1098 901
1099 901
1100 901
1101 901
1102 901
1103 901
1104 901
1105 901
1106 901
1107 901
1108 902
1109 903
1110 904
1111 905
1112 906
1113 907
1114 908
1115 909
1116 910
1117 911
1118 912
1119 913
1120 914
1121 915
1122 916
1123 917
1124 918
1125 919
1126 920
1127 921
1128 922
1129 923
1130 924
1131 925
1132 926
1133 927
1134 928
1135 929
1136 930
1137 931
1138 932
1139 933
1140 934
1141 935
1142 936
1143 937
1144 938
1145 939
1146 940
1147 941
1148 942
1149 943
1150 944
1151 945
1152 946
1153 947
1154 948
1155 949
1156 950
1157 951
1158 952
1159 953
1160 954
1161 955
1162 956
1163 957
1164 958
1165 959
1166 960
1167 961
1168 962
1169 963
1170 964
1171 965
1172 966
1173 967
1174 968
1175 969
1176 970
1177 971
1178 972
1179 973
1180 974
1181 975
1182 976
1183 977
1184 978
1185 979
1186 980
1187 981
1188 982
1189 983
1190 983
1191 984
1192 985
1193 986
1194 987
1195 988
1196 989
1197 990
1198 991
1199 992
1200 993
1201 994
1202 995
1203 996
1204 997
1205 998
1206 999
1207 1000
1208 1001
1209 1002
1210 1003
1211 1004
1212 1005
1213 1006
1214 1007
1215 1008
1216 1009
1217 1010
1218 1011
1219 1012
1220 1013
1221 1014
1222 1015
1223 1015
1224 1016
1225 1017
1226 1016
1227 1018
1228 1019
1229 1020
1230 1021
1231 1022
1232 1023
1233 1024
1234 1025
1235 1026
1236 1027
1237 1028
1238 1029
1239 1030
1240 1031
1241 1032
1242 1033
1243 1034
1244 1035
1245 1036
1246 1037
1247 1038
1248 1039
1249 1040
1250 1041
1251 1042
1252 1043
1253 1044
1254 1045
1255 1046
1256 1047
1257 1048
1258 1049
1259 1050
1260 1051
1261 1052
1262 1053
1263 1054
1264 1055
1265 1056
1266 1057
1267 1058
1268 1059
1269 1060
1270 1061
1271 1062
1272 1063
1273 1064
1274 1065
1275 1066
1276 1067
1277 1068
1278 1069
1279 1070
1280 1071
1281 1072
1282 1073
1283 1074
1284 1075
1285 1076
1286 1077
1287 1078
1288 1079
1289 1080
1290 1081
1291 1082
1292 1083
1293 1084
1294 1085
1295 1086
1296 1087
1297 1088
1298 1089
1299 1090
1300 1091
1301 1092
1302 1093
1303 1094
1304 1095
1305 1096
1306 1097
1307 1098
1308 1099
1309 1100
1310 1101
1311 1102
1312 1103
1313 1104
1314 1105
1315 1106
1316 1107
1317 1108
1318 1109
1319 1110
1320 1111
1321 1112
1322 1113
1323 1114
1324 1115
1325 1116
1326 1117
1327 1118
1328 1119
1329 1120
1330 1121
1331 1122
1332 1123
1333 1124
1334 1125
1335 1126
1336 1127
1337 1128
1338 1129
1339 1130
1340 1131
1341 1132
1342 1133
1343 1134
1344 1135
1345 1136
1346 1137
1347 1138
1348 1139
1349 1140
1350 1141
1351 1142
1352 1143
1353 1144
1354 1145
1355 1146
1356 1147
1357 1148
1358 1149
1359 1150
1360 1151
1361 1152
1362 1153
1363 1154
1364 1155
1365 1156
1366 1157
1367 1158
1368 1159
1369 1160
1370 1161
1371 1162
1372 1163
1373 1164
1374 1165
1375 1166
1376 1167
1377 1168
1378 1169
1379 1170
1380 1171
1381 1172
1382 1172
1383 1172
1384 1172
1385 1172
1386 1173
1387 1174
1388 1175
1389 1176
1390 1177
1391 1178
1392 1179
1393 1180
1394 1181
1395 1182
1396 1183
1397 1184
1398 1185
1399 1186
1400 1187
1401 1188
1402 1189
1403 1190
1404 1191
1405 1192
1406 1193
1407 1194
1408 1195
1409 1196
1410 1197
1411 1198
1412 1199
1413 1200
1414 1201
1415 1202
1416 1203
1417 1204
1418 1205
1419 1206
1420 1207
1421 1208
1422 1209
1423 1210
1424 1211
1425 1212
1426 1213
1427 1214
1428 1215
1429 1216
1430 1217
1431 1218
1432 1219
1433 1220
1434 1221
1435 1222
1436 1223
1437 1224
1438 1225
1439 1226
1440 1227
1441 1228
1442 1229
1443 1230
1444 1231
1445 1232
1446 1233
1447 1234
1448 1235
1449 1236
1450 1237
1451 1238
1452 1239
1453 1240
1454 1241
1455 1242
1456 1243
1457 1244
1458 1245
1459 1246
1460 1247
1461 1248
1462 1249
1463 1250
1464 1251
1465 1252
1466 1253
1467 1254
1468 1255
1469 1256
1470 1257
1471 1258
1472 1259
1473 1260
1474 1261
1475 1262
1476 1263
1477 1264
1478 1264
1479 1264
1480 1264
1481 1264
1482 1264
1483 1264
1484 1264
1485 1264
1486 1264
1487 1264
1488 1264
1489 1264
1490 1264
1491 1264
1492 1264
1493 1264
1494 1264
1495 1264
1496 1264
1497 1264
1498 1264
1499 1264
1500 1264
1501 1264
1502 1264
1503 1264
1504 1264
1505 1265
1506 1265
1507 1265
1508 1265
1509 1265
1510 1266
1511 1267
1512 1268
1513 1269
1514 1270
1515 1271
1516 1272
1517 1273
1518 1274
1519 1275
1520 1276
1521 1277
1522 1278
1523 1279
1524 1280
1525 1281
1526 1282
1527 1283
1528 1284
1529 1285
1530 1286
1531 1287
1532 1288
1533 1289
1534 1290
1535 1291
1536 1292
1537 1293
1538 1294
1539 1295
1540 1296
1541 1297
1542 1298
1543 1299
1544 1300
1545 1301
1546 1302
1547 1303
1548 1304
1549 1305
1550 1306
1551 1307
1552 1308
1553 1309
1554 1310
1555 1311
1556 1312
1557 1313
1558 1314
1559 1315
1560 1316
1561 1317
1562 1318
1563 1319
1564 1320
1565 1321
1566 1322
1567 1323
1568 1324
1569 1325
1570 1326
1571 1327
1572 1328
1573 1329
1574 1330
1575 1331
1576 1332
1577 1333
1578 1334
1579 1335
1580 1336
1581 1337
1582 1338
1583 1339
1584 1340
1585 1341
1586 1342
1587 1343
1588 1344
1589 1345
1590 1346
1591 1347
1592 1348
1593 1349
1594 1350
1595 1351
1596 1352
1597 1353
1598 1354
1599 1355
1600 1356
1601 1357
1602 1358
1603 1359
1604 1360
1605 1361
1606 1361
1607 1361
1608 1361
1609 1361
1610 1361
1611 1361
1612 1361
1613 1361
1614 1361
1615 1361
1616 1361
1617 1361
1618 1361
1619 1361
1620 1361
1621 1361
1622 1361
1623 1361
1624 1361
1625 1361
1626 1361
1627 1361
1628 1361
1629 1362
1630 1363
1631 1364
1632 1365
1633 1366
1634 1367
1635 1368
1636 1369
1637 1370
1638 1371
1639 1372
1640 1373
1641 1374
1642 1375
1643 1376
1644 1377
1645 1378
1646 1379
1647 1380
1648 1381
1649 1382
1650 1383
1651 1384
1652 1385
1653 1386
1654 1387
1655 1388
1656 1389
1657 1390
1658 1391
1659 1392
1660 1393
1661 1394
1662 1395
1663 1396
1664 1397
1665 1398
1666 1399
1667 1400
1668 1401
1669 1402
1670 1403
1671 1404
1672 1405
1673 1406
1674 1407
1675 1408
1676 1409
1677 1410
1678 1411
1679 1412
1680 1413
1681 1414
1682 1415
1683 1416
1684 1417
1685 1418
1686 1419
1687 1420
1688 1421
1689 1422
1690 1423
1691 1424
1692 1425
1693 1426
1694 1427
1695 1428
1696 1429
1697 1430
1698 1431
1699 1432
1700 1433
1701 1434
1702 1435
1703 1436
1704 1437
1705 1438
1706 1439
1707 1440
1708 1441
1709 1442
1710 1443
1711 1444
1712 1445
1713 1446
1714 1447
1715 1448
1716 1449
1717 1450
1718 1451
1719 1452
1720 1453
1721 1454
1722 1455
1723 1456
1724 1457
1725 1458
1726 1459
1727 1460
1728 1461
1729 1461
1730 1462
1731 1463
1732 1464
1733 1465
1734 1466
1735 1467
1736 1468
1737 1469
1738 1470
1739 1471
1740 1472
1741 1473
1742 1474
1743 1475
1744 1476
1745 1477
1746 1478
1747 1479
1748 1480
1749 1481
1750 1482
1751 1483
1752 1484
1753 1485
1754 1486
1755 1487
1756 1488
1757 1489
1758 1490
1759 1491
1760 1492
1761 1493
1762 1494
1763 1495
1764 1496
1765 1496
1766 1496
1767 1496
