0 236 4.055685586188044
1 21102 0.6144789087825889
2 81410 0.8784469271672302
3 56024 0.5764486167503479
4 3089 0.5365831810803756
5 7135 0.07268527885071283
6 3011 0.09331587636699475
7 6988 0.15950768883871277
8 61347 0.6168445568087574
9 31834 0.3816538918327035
10 50984 0.6603632912584924
11 24090 0.32328373722194853
12 27700 0.5502291902510745
13 31959 0.5451774293934952
14 54183 0.5321163650179074
15 16575 0.31696903614997446
16 5229 0.32669765265321693
17 42870 0.6968094060667462
18 43631 0.38100060695261906
19 31924 0.42748344779975816
20 60998 0.4900381777830631
21 59283 0.8581684548345397
22 94600 0.7516363010176109
23 34003 0.3323312694885073
24 59707 0.8689870377777812
25 45141 0.3132728800287878
26 76003 0.8117242242048998
27 26999 0.27897233500695756
28 56438 0.649247409640508
29 57331 0.6547358520580018
30 53926 0.5961873182424011
31 38908 1.0903278316347411
32 33969 1.4243857500498072
33 24711 0.43923832851735223
34 17416 0.25737609595102373
35 20300 0.2986145109552631
36 24527 0.4373348447946477
37 41905 0.38165505013922846
38 11661 0.23007017793132634
39 32270 0.3801747344003138
40 5199 0.0961587466814518
41 26121 0.1842224751620471
42 3 0.009566067487571371
43 92 0.016452971982881773
44 60453 0.4657152851673444
45 1685 0.0115104780408249
46 2 0.004747898445861525
47 9 0.02525648767484637
48 7853 0.114770029822532
49 4783 0.06866711351558386
50 39706 3.547992114249178
51 19088 1.1888418015836366
52 26337 3.143642750468342
53 42193 3.7281477752020473
54 41749 3.9786331056360105
55 55909 7.474861273488526
56 14096 1.8394405688366124
57 27357 1.9683454131833815
58 32519 6.656253233605716
59 24962 1.7959863134501008
60 59304 7.582009260274565
61 85510 13.68281243001898
62 45713 1.02908160192248
63 75371 0.9883362393957038
64 78309 0.9185548350030965
65 37337 1.0466735753215846
66 39665 0.713096354114382
67 86547 1.0176390778644535
68 70496 1.059128073180262
69 79492 1.0052953913299985
70 47308 0.8201983947415973
71 57311 1.318035064255124
72 50502 2.3945377353099704
73 75784 1.4742975643130394
74 67970 1.4501449427564916
75 4534 3.4678450247645936
76 42230 3.3973910303831523
77 67813 2.01360662674885
78 97060 2.335606960341129
79 76103 1.0707443432170343
80 66631 2.472416088414309
81 15293 1.4296162762144071
82 22922 2.571417705410218
83 66358 1.0538037241871392
84 58519 2.137912608089304
85 12281 1.5399449727180203
86 40931 1.828826620046116
87 1219 1.400999155208441
88 5487 2.0962853881948487
89 108 0.014863775430619756
90 7987 16.25672281107094
91 851 0.6554941567296837
92 5790 16.409155949757295
93 6408 7.316902626575876
94 19507 36.08640657794553
95 9988 9.971987901102244
96 2246 1.4857767680776899
97 25590 54.568440857641036
98 11946 12.8201103634457
99 5289 31.51631822232381
100 539 0.32826599968802944
101 1268 3.4079219672060255
102 316 0.7418084562553958
103 12810 13.831972966670115
104 10875 2.4419754068358617
105 7444 3.6138213767785796
106 4421 20.787685502789973
107 1809 3.289139177478815
108 908 2.459374715249646
109 12280 3.825143591398879
110 12604 3.8353683491969845
111 4931 1.9000238611144145
112 7322 3.5674999266405867
113 555 0.49489264042922204
114 10739 25.743811168237073
115 2416 1.074479495657895
116 16597 3.6047116820618474
117 26339 24.865963085543253
118 20135 4.109789697867326
119 141 0.12505617786646117
120 1277 1.1123607522505896
121 7647 5.067596066082159
122 3487 2.3361007850229423
123 16638 19.255711995576814
124 37144 1.9860115182000844
125 19786 1.6586706193233327
126 10170 0.6945642219191749
127 4737 20.881760842135176
128 31796 13.717580930876899
129 23570 4.347476513404695
130 19929 22.169480708018725
131 12680 6.483514595434419
132 38352 5.474767836762178
133 5116 22.44542638807593
134 6552 6.747977982909573
135 681 1.5833633206022577
136 8675 32.737068279853034
137 17208 8.483930427476883
138 38982 12.356781575821973
139 2282 1.9708191698185473
140 8475 8.003022407825828
141 6767 13.453219860478118
142 22540 9.890320727354721
143 5117 2.4970667817765952
144 8195 5.955681647945859
145 1729 0.6115568875222588
146 968 3.3230717671278787
147 28647 26.52006341342122
148 11376 0.6344612407470613
149 17045 3.283398224238877
150 11250 6.782817912669866
151 18126 5.083701160005375
152 16499 1.4851308191389303
153 6824 2.213894041207913
154 63393 4.2404733149342775
155 20301 1.7469223795631486
156 30165 2.6665640921888443
157 38777 2.212719904493766
158 8679 2.901922325508844
159 10097 1.2957492467146565
160 21225 3.0965035359237185
161 9292 1.3610537963882459
162 25120 4.589956787444575
163 40827 3.4029980061683682
164 12435 2.192623672387671
165 14146 4.306587906970997
166 18414 1.7235265182695827
167 23465 18.011310863216355
168 21 2.0804733458224516
169 5532 4.129221834232436
170 414 2.4424348684241006
171 119 0.14435703949207487
172 4540 20.200681238677554
173 1968 3.7063372494389935
174 11647 32.91956333388417
175 1040 4.116343396185619
176 8554 4.1755428982682545
177 4135 8.113702843410858
178 1559 2.3229084459078573
179 8732 1.9676492709618731
180 13120 38.342608151080235
181 4539 3.938369984725798
182 3203 5.18285026803213
183 11910 1.9661674108142586
184 4175 5.422888831917368
185 8958 13.878550788652303
186 1023 6.391145441600502
187 60 0.14924045980135817
188 473 1.0924181888101412
189 48418 64.89493735106109
190 13779 32.02657348219374
191 47226 36.40080185699702
192 38917 9.124956177403138
193 252 1.1006861807853936
194 23045 6.8799361232561695
195 31521 16.174899265942546
196 3291 22.857643741978727
197 15093 4.183546410253638
198 5950 5.860641053163181
199 4298 12.671971067047416
200 1472 2.4429993498039373
201 14791 5.250337067198767
202 2353 0.5808320347430181
203 1267 11.159073323891848
204 9993 13.774501271820565
205 2126 8.394880207939188
206 3152 9.282852661865615
207 281 5.883058917647495
208 2258 1.1482169029354576
209 59048 11.079101524794709
210 234 0.17303825345908938
211 13383 24.391582895364767
212 5532 2.0336152136612218
213 2842 1.6012386929978053
214 58 0.257071461334956
215 1974 10.799265093120123
216 3395 37.10924143277884
217 896 3.1058912242064443
218 9293 4.931769568044331
219 20631 60.84378692102048
220 9621 11.090813934273054
221 4769 1.1566443551089811
222 7085 6.106621729521526
223 6756 3.244181440222889
224 3122 18.668499236289897
225 26883 2.227118812905697
226 41356 4.152265956444586
227 14016 0.9494762137894075
228 1806 0.1834556762425154
229 23821 2.3759940200495135
230 5914 1.9654044729164768
231 17729 2.335188425583439
232 9027 1.6560825764443696
233 8002 3.5237452837619325
234 17962 6.686902410358658
235 40782 4.785693601669197
236 520 0.5877274334861783
237 30171 9.982363624850771
238 8344 1.2359397031955361
239 25484 2.6035692057260498
240 34133 0.7886133063164772
241 38780 0.7114828331250955
242 27232 0.3880682072658252
243 36688 1.682218604873845
244 38875 0.8548611036035688
245 3523 0.04976663984543558
246 51128 1.4072254388823424
247 76174 2.145019204722184
248 78134 1.5881015664937443
249 40366 0.9449279301680162
250 81677 1.4344603141018415
251 93386 2.671965661616965
252 94469 3.579706933005095
253 68853 2.122143423058331
254 62008 1.641672857171539
255 90117 2.312290249993436
256 84500 1.538784349579998
257 63767 1.0903981022305895
258 88630 2.168920473762813
259 63488 2.1749564090644435
260 54316 0.9348294277811325
261 35881 0.7499926640586752
262 75220 1.4284683944481595
263 92221 1.4820578319281787
264 99598 1.745020054146969
265 78895 1.3833349807026134
266 36934 1.5346337511988473
267 78731 2.0736725421121642
268 47621 1.5859907459030698
269 56829 0.883889809528075
270 101572 1.2893885994838585
271 41788 1.4724936949514824
272 80018 2.159323518101242
273 86408 1.8406309218421089
274 33336 1.4216031116746486
275 28265 1.1910549392506837
276 67053 1.3488189906671382
277 87757 7.4099775751856765
278 79132 2.244282598992737
279 93877 3.5990213082068334
280 49896 0.9837620869285881
281 49262 1.1065503006191535
282 13393 0.6175267993519661
283 54878 2.178162601525567
284 85871 1.7352563023458023
285 23438 1.576862132179763
286 39150 2.8107497023152233
287 37546 1.9486916541698263
288 0 0.2503420865270418
289 18884 1.3934612824460963
290 28606 1.7655077938585044
291 17823 2.5294260050625716
292 6988 0.8593951014444855
293 34555 2.4676651011510478
294 42252 2.4987606120182795
295 13532 1.093007766831352
296 41047 2.3553738472919568
297 109931 2.629541526833329
298 38615 1.090328989941266
299 39688 1.4903088354077316
300 0 1.0954143416880695
301 66636 0.7408138570526196
302 100820 1.522136395998746
303 43600 0.9430584234367109
304 68733 1.9892339269525574
305 89830 2.5366669652523486
306 34981 2.576865607099338
307 34821 2.0747918523174627
308 98592 3.6158901122321803
309 18556 1.1680239445124843
310 34882 1.647073268293135
311 38912 3.1041784749581853
312 26148 2.312055499871042
313 19341 0.5659559040427986
314 24861 0.66171773768836
315 28967 1.1190816328106539
316 36256 1.631553119165031
317 47211 1.119422947133346
318 44354 2.0774231386400244
319 39127 1.2901611899360153
320 30425 2.0042467378227236
321 29987 1.4153366733745485
322 17590 1.3518359930625161
323 23593 1.581011572254389
324 19168 0.8317262473802968
325 25105 1.2938376548462773
326 184 6.998932041383975
327 60809 2.14938370370828
328 32687 1.5493627769703953
329 59129 3.2683823245513106
330 53687 1.5285538002492676
331 17949 0.7932171886510672
332 0 0.03508201582401154
333 19148 2.0495932799688648
334 7406 1.0780918676071085
335 2653 0.8405320796853113
336 33048 4.1911588007357565
337 4673 0.8970647740452852
338 7556 0.8756666054051215
339 10549 1.3756395782528723
340 43341 5.016091966449266
341 27273 7.092010851015526
342 27633 6.664289950378149
343 12065 11.473987138164347
344 793 0.4349294282444552
345 2780 0.9156555937710908
346 2922 0.07075245136270901
347 56435 4.258928998898837
348 23616 3.419708122199794
349 26034 3.5121054614924856
350 38132 6.249487256311612
351 17 0.06403852064179448
352 7823 2.0197742228921522
353 8370 1.4869621017549115
354 8176 4.172566050499076
355 6464 7.502250975680196
356 37280 3.902710360048
357 22666 2.3970848513583847
358 8690 1.116236059780972
359 35321 5.442299346560679
360 4555 8.934600855293539
361 1398 0.3888037319091826
362 26646 3.679446777359586
363 30574 4.759786917931666
364 16272 1.7805159715025707
365 12366 4.552348118987424
366 12337 3.0458666217758537
367 5055 1.1226191009379194
368 40113 3.900164016203936
369 20844 2.7298010647153577
370 45768 6.666504632453895
371 10480 1.3325884135370512
372 13328 1.9869346885004873
373 60035 2.750800389808756
374 18540 1.0025644906462887
375 11916 0.9848640225360118
376 20408 1.3362521370755385
377 4079 2.5954992841665674
378 27109 4.669357927527077
379 14498 9.08219613372726
380 16415 3.119172366821777
381 40222 8.05791339573774
382 8030 3.5586338623962734
383 62543 17.04199054204112
384 6669 1.5167464096358747
385 34496 4.8862635656999185
386 10401 4.977926538655778
387 22658 4.319906887599479
388 4752 1.6928553336926657
389 10700 8.732490652466343
390 60745 10.909981050105252
391 3103 0.9334950586643644
392 3589 6.051297921071449
393 29189 8.166911198044161
394 6292 2.503422409679118
395 35177 7.288608286988202
396 3220 3.861800904096853
397 29150 9.74687604730215
398 19857 2.5255846745235884
399 29030 9.109684291973554
400 28032 6.264985783717917
401 14712 7.242284906339334
402 30184 8.38493691862665
403 3430 1.52948932581927
404 18949 11.80986282561927
405 32098 10.467867418690743
406 17638 5.332740537793997
407 1223 0.8082759456800572
408 9454 3.708278957277022
409 27655 7.475023050299847
410 13261 4.99856099719381
411 42230 25.34613442224443
412 67094 23.872147284080082
413 19803 13.15481538910605
414 3345 2.181553350826336
415 14961 3.98766210499817
416 9531 3.712800599848339
417 12014 3.8940782737217314
418 18958 7.374957721811839
419 12387 3.2461737274458415
420 42791 5.523030608636025
421 45700 6.763655275622899
422 53804 10.992720815694899
423 22360 3.056613389714547
424 28506 13.832708105211298
425 13200 9.177725147761302
426 737 2.446243766380385
427 12635 6.163949408259807
428 14530 4.179589249062158
429 21902 15.039710994799975
430 9506 4.072571378709091
431 137 0.43548425706991695
432 10007 10.701743019658778
433 44837 16.163040137637704
434 24235 6.874541503667198
435 8968 4.382312582143237
436 12709 6.843044446537976
437 38421 12.541897491416949
438 15524 11.551931514740609
439 15814 5.556145047776283
440 21288 3.5460550396372494
441 24655 5.465207560807231
442 6344 5.755662574498414
443 35772 15.018900473670149
444 16821 8.599684245641292
445 7895 1.7015329800755834
446 18511 7.162668707345362
447 25076 12.973568603406656
448 8523 9.85376264291572
449 32298 9.48664549797142
450 3165 0.28261327851712054
451 26030 5.664299602932523
452 4056 1.362085075297646
453 9041 5.130792111778124
454 15347 4.767490042424907
455 39553 6.636525342974562
456 28127 6.048975902591055
457 5010 2.883341158337413
458 27172 55.156065201846495
459 1343 9.218019929049865
460 151 0.45145344302753526
461 1398 8.637065499917375
462 6844 27.71103534070428
463 7263 4.674814709566222
464 3304 10.259726299890193
465 15398 42.89640299491735
466 926 2.2383485946653034
467 5210 5.522167284172745
468 1986 2.45856660339739
469 4603 8.659431626710239
470 4299 4.067824252467579
471 14068 13.376175488071759
472 416 0.6498381459682439
473 1123 2.7186778471560484
474 14573 34.49648415359454
475 16268 4.1250974907991855
476 13680 6.711548470494844
477 4637 9.43535452673912
478 13553 10.248296903306116
479 3326 18.51062051252747
480 3285 2.8692808615329493
481 349 1.268239852848739
482 743 6.471363573885284
483 635 2.82510498118138
484 939 3.8371648826172167
485 1084 1.88765160301901
486 12834 12.856252229740061
487 494 5.481721923035937
488 6622 13.48267443710164
489 1858 9.376421821259404
490 534 2.8254910833563707
491 26583 11.344850632512584
492 11593 27.032780074656717
493 522 0.5615987409980278
494 5818 11.065875980892576
495 1321 2.4078173335166033
496 9 4.378451946495505
497 408 2.8463247706166976
498 1565 12.277323292617572
499 2467 5.728633491738186
500 3255 12.605100100849889
501 4990 13.114090103892373
502 60 1.2126322593000431
503 497 0.8313667862553803
504 7164 52.21579598052192
505 28937 130.69750130116432
506 3010 13.359834485719626
507 435 19.95785849200846
508 7930 44.531207480497976
509 14740 29.50076332399996
510 31192 75.19879319904184
511 929 32.355215931502386
512 2196 57.593793870859635
513 31 1.0416453666966796
514 5505 36.2709668925107
515 3882 7.174474553550055
516 1172 22.572861341442508
517 1113 20.07848183080385
518 175 3.2386736926966457
519 836 88.80910529315194
520 7851 26.983401467497146
521 802 6.23012539054235
522 228 7.406172538251142
523 4015 30.830803463182068
524 113 1.306574779497048
525 481 1.5820625423747137
526 271 4.344405456704819
527 8509 61.76374214861227
528 584 0.733935060702984
529 817 15.348652194527542
530 19664 8.829534345332874
531 7070 21.32455324117332
532 1568 30.301665876444215
533 4587 61.83440154935081
534 16918 15.448437212836508
535 2310 18.009926686919012
536 1835 35.16298415282233
537 1445 19.23188524425596
538 1632 25.95009861049549
539 1507 34.50389731535436
540 9050 20.128652333524325
541 1776 28.960641130383614
542 444 1.4249305402187191
543 563 11.428990790690921
544 41776 34.895673647908794
545 2143 33.67616838379174
546 1506 21.410745532411735
547 3201 30.804399865945324
548 256 0.5684176915105398
549 1410 12.241339342112783
550 270 9.232573278331792
551 2890 48.15768412826623
552 2963 35.64267826723521
553 3418 39.285450357298956
554 1500 74.99974787527974
555 6246 10.085944413642071
556 23773 108.48037558475174
557 3795 43.11903993377575
558 4271 3.6071267511664145
559 479 0.17557031152267888
560 1865 6.058107219029586
561 1073 19.688720179398516
562 69 0.542928384224174
563 6262 57.027076187225575
564 1304 14.953748048253505
565 1666 65.97149214590955
566 2268 28.23464124158104
567 12606 60.64032034125255
568 2193 14.573897253578009
569 416 141.56968101782712
570 21908 14.686746038977788
571 189 5.1832012349091965
572 1920 38.51454331062538
573 3256 44.85612249940927
574 13897 31.574420035922948
575 613 17.51087495386079
576 1916 20.617173901964023
577 4582 108.07890963201373
578 5124 32.62480714196359
579 606 2.6431740224279032
580 1373 17.932230960143446
581 987 0.5970116463860065
582 115 7.063977902600321
583 338 1.8589781110954955
584 3516 193.16686834070273
585 804 18.15106865359994
586 1679 23.990869841867994
587 3168 80.26815954359634
588 295 239.08783283937996
589 1702 8.287363107473857
590 5137 19.41334786107117
591 20555 18.93272787364266
592 499 19.66450500928962
593 4569 15.649131965090186
594 2474 46.76004483418456
595 914 1.0884231896055117
596 708 2.5911973337328202
597 814 18.02800321854773
598 2818 41.66149881775514
599 1977 56.90730111490864
600 848 14.34438229057432
601 4061 43.569748585707735
602 6309 30.595968012207006
603 7896 14.090044046536123
604 944 17.71984850895062
605 160 0.40924436715536905
606 365 46.413958288609834
607 175 3.225229614963467
608 1363 43.83292972785974
609 2438 45.674880733038144
610 1952 34.88595738667515
611 306 9.522128673955246
612 4945 30.119186266500076
613 405 0.47117361161518895
614 1753 17.195445693184677
615 345 1.1494273332540537
616 797 22.10274449148027
617 198 3.326146684849505
618 518 0.6157248605012842
619 53606 54.89489989915011
620 14733 13.740272927905458
621 2620 0.7471324191463435
622 7148 38.52742599579612
623 2037 24.300455060023445
624 6277 31.626619891675173
625 697 23.018409737805737
626 10980 12.979128088624348
627 17568 6.371691683513592
628 674 176.79972764352576
629 1722 17.15733895292179
630 2016 38.8786851522092
631 207 15.429383842705063
632 154 1.9549306792155021
633 3031 8.847230566319226
634 2233 67.03447120218317
635 7903 13.099301618385876
636 9628 2.046948093968003
637 29952 11.407853627121053
638 7349 4.070584496916588
639 26977 15.826287226041202
640 16395 2.1406048985555146
641 1948 1.0569782562699133
642 20702 4.196507474165903
643 10121 2.141257797333424
644 10158 0.8793801361241829
645 11303 7.920533608649924
646 6489 0.5458071620409052
647 27582 42.34772516320539
648 29857 15.382648104933304
649 21482 6.817713827245532
650 5716 1.5142850082703085
651 25636 43.09238150910352
652 7692 0.7084422784970432
653 15335 2.2557811078661367
654 29343 16.566140074780268
655 35040 58.447540297484004
656 3385 35.68681669567581
657 780 7.144841597721689
658 823 43.22547633425329
659 173 3.3640395245074495
660 804 14.267645641601428
661 397 41.18074523897408
662 497 0.9372197863465005
663 673 6.069116922549448
664 2948 16.35076842054867
665 10510 59.60689624816794
666 277 5.085226263596588
667 581 0.31550725331545937
668 537 13.815740072926978
669 722 2.394927698506711
670 363 4.145347777673101
671 470 19.60737308435406
672 339 10.188291605984276
673 1097 12.715771269982717
674 250 17.771142182898146
675 576 41.00404403418085
676 6602 53.991069070590285
677 281 2.1086777236033525
678 1194 39.69046227241207
679 1381 15.466670501948272
680 492 0.59874717566259
681 483 3.8199617141083277
682 751 13.768893523830998
683 326 9.957276636030747
684 417 15.352809742747842
685 59 0.4391290616018298
686 305 7.832465246943229
687 1980 23.116160383754675
688 114 6.329263301606031
689 953 33.1694332174512
690 3825 18.01791282430652
691 497 15.422067978693338
692 5061 67.90910768698542
693 388 11.661144762060674
694 3367 3.621241488377552
695 183 9.897757827449393
696 1674 11.805883270501639
697 213 8.583864481225396
698 366 0.49333240154008434
699 297 11.13471336546733
700 1988 76.71137704112915
701 639 0.5402275995101136
702 763 13.972919951752672
703 3232 32.33431892348536
704 161 7.607395864382383
705 277 2.0634910277576575
706 1634 23.889064736979478
707 1484 10.820818088732457
708 1020 44.144000281082384
709 266 2.8883361621752686
710 2471 1.0378793260818198
711 1036 43.61114723311459
712 677 33.904797628406
713 536 9.785626033788574
714 215 0.3501811591405057
715 1572 3.5690763818210742
716 861 15.016006637868593
717 1162 44.15729416506949
718 354 1.0846335967579772
719 18787 65.99037910600357
720 634 33.93586842873403
721 1356 12.517471123418332
722 680 2.2110260742520813
723 259 3.3154670986892603
724 2733 23.78417197299756
725 865 8.38996319674068
726 1523 3.39184390043506
727 3268 15.70419322406127
728 1292 6.1475087915465245
729 110 0.5222699873512927
730 1675 8.989498020840252
731 271 38.462958129535735
732 495 6.893643908774867
733 764 18.743022361493566
734 265 9.140183661082599
735 1634 47.18548811809167
736 4851 21.79677666460231
737 2457 30.56633582858299
738 1164 32.730008015481154
739 775 21.029573882195592
740 1395 1.4697361532176982
741 167 1.393432710885147
742 19880 14.562845078818897
743 127 0.4462456968912597
744 651 2.9200996298052346
745 2938 26.655137784422166
746 1549 4.982625402125415
747 1833 15.25079073725438
748 509 10.455370449592817
749 5870 9.920031675822436
750 3109 3.95312333493437
751 1644 32.88884581704626
752 5172 37.379168552132285
753 1798 21.889292151160546
754 15598 16.215394820362103
755 3311 23.509988849369186
756 3686 32.01861784687806
757 147 0.15568257459107918
758 13344 41.2332848646403
759 2859 65.99303703337621
760 124 0.34628307158179883
761 3601 17.492859812477896
762 25307 48.61749166405404
763 17867 86.97649371348439
764 14578 26.374056173233235
765 7802 34.06971731143156
766 5913 14.31404045115267
767 3001 11.485475994483371
768 4763 54.177728622680874
769 3039 45.597848715901385
770 2891 10.349388877477425
771 1494 5.87092874561581
772 10201 38.807463586703875
773 54447 34.72434351047186
774 24438 24.667825487994538
775 18308 59.49768608966528
776 8084 22.820547045005615
777 7338 40.62618861554571
778 1487 1.4566357064202613
779 10753 54.38133767415139
780 2854 45.88443575800351
781 9826 33.03952450744946
782 7699 21.48050068185644
783 9918 57.899433510888855
784 9123 50.5932525556103
785 329 0.5036969283255367
786 2258 9.892632707178565
787 2029 5.871706741498416
788 2411 15.652838932072273
789 4402 21.556589837481873
790 2246 40.425534404020404
791 6191 12.776135256225125
792 2451 13.023759183440232
793 885 4.9243641283280075
794 12540 23.71443072323115
795 17228 58.03281212113724
796 35102 34.45883726102206
797 1486 18.73927137886353
798 4275 24.06960611400516
799 43398 18.81362886623413
800 42810 32.316929653728124
801 586 0.10370936081557135
802 11324 57.50770042177802
803 1207 17.234819234683712
804 172 12.845993108848381
805 6627 25.35727269778856
806 158 0.27834337456389757
807 1826 31.66239071377937
808 245 7.556310685609354
809 277 67.7857121345736
810 1162 29.281558447375044
811 1874 22.19540708296718
812 786 25.06739799566639
813 1446 5.092740970228434
814 867 13.774743743986459
815 118 6.086020475770544
816 1910 35.80333113512495
817 320 6.5590697717518385
818 1886 74.32118604410522
819 351 8.248177211631868
820 181 2.150827725842745
821 389 8.193149929652185
822 178 1.606615165784552
823 937 14.180961456192074
824 1714 13.953178161443219
825 2076 21.92751047495201
826 300 2.941216716062005
827 187 4.2547583232045865
828 1054 3.4172922808908766
829 242 1.7326752093059892
830 7221 26.570235460550396
831 4042 152.39601496223148
832 1649 6.18597576513868
833 482 42.32039453464649
834 512 6.341081889182498
835 942 14.270839864895127
836 1802 59.47561764764933
837 885 12.493736264415125
838 437 8.03720943880821
839 126 2.9565804938092377
840 1131 34.8452548814898
841 253 4.936123642271702
842 296 4.494696500524327
843 14511 34.63656163657901
844 2297 10.482665170649438
845 2180 109.6878834959853
846 764 52.75594018196223
847 633 5.713611800517994
848 2460 8.584067957071616
849 2312 23.824889536167735
850 307 4.267840237097624
851 1668 33.252825109614406
852 94 2.260507770692374
853 1024 16.665362156118096
854 665 14.963621453072369
855 452 3.5103884651203017
856 2908 23.499132814514972
857 1838 9.590097714738446
858 4518 44.39629913343228
859 737 6.557609919428198
860 335 3.391291774324823
861 14707 3.948583931663004
862 7567 5.918489197633348
863 26540 53.08579808091775
864 306 22.093275721740795
865 3528 50.622773155705744
866 627 66.40287792839194
867 127 1.7205682034048033
868 150 61.94939976555876
869 1574 45.50378225690621
870 871 36.682947951882404
871 4610 63.15603701638772
872 2274 53.57495208472008
873 403 28.9760072247439
874 2750 5.548226092167222
875 6200 65.82318180624775
876 238 4.260583832820847
877 894 15.163888018013983
878 3877 123.34296297897906
879 9448 46.307393316108026
880 17416 67.18129157355169
881 7106 80.38522803966659
882 4401 35.24558916875291
883 6594 86.6776541049611
884 2603 97.40861502061013
885 574 43.946646084846726
886 857 14.79457897102226
887 608 5.08097527864994
888 13588 32.54431371882804
889 77 16.96787050750814
890 1166 189.64339989220028
891 600 58.87504305039251
892 199 2.737455926436725
893 4842 44.277166149032354
894 3298 58.1663471027665
895 605 440.59075022741416
896 385 2.7194774647604545
897 2835 46.762481138908754
898 366 111.11551173210069
899 436 122.15848837909674
900 1770 86.98379722222651
901 259 182.18139890995633
902 187 63.59056798718758
903 498 42.93240740883741
904 59 9.785766961082444
905 2220 22.017385408735485
906 748 16.087710444990478
907 609 32.79096196584695
908 17 2.328144377502907
909 533 3.5902691441041426
910 36 0.21013301992132782
911 3663 72.34862748398834
912 36915 67.01951205951534
913 1509 106.89945822142805
914 4084 29.75756065279067
915 31 0.30464079370251906
916 736 21.118946883151583
917 142 21.41804209131471
918 719 85.57950886258932
919 5025 79.85126108692396
920 486 0.4981208407143199
921 4602 71.83880079753266
922 269 14.412615811347388
923 4972 83.65971502570669
924 33439 75.96458902512289
925 1217 0.5777532559996417
926 2148 64.93965068564025
927 36 0.09512283454595157
928 1998 90.3491900348573
929 1157 27.122215624165054
930 1044 31.90058216485945
931 2135 41.4632550421083
932 1403 43.083556757791925
933 2381 39.1002105029058
934 3037 38.374722971689444
935 2842 92.80195506697328
936 2410 33.21927939434468
937 65 43.9677461826078
938 632 52.45955849988494
939 158 2.7232805711841137
940 2208 48.504246351720546
941 224 110.5956946518671
942 2028 75.4992204597087
943 3938 1.1907059028844922
944 634 36.1663795353492
945 1236 63.72799680925163
946 17 0.02735765571114615
947 1074 58.852037152295686
948 1748 98.5535141475559
949 599 30.809916493821593
950 1572 32.75398804936548
951 205 4.135915301538077
952 1428 40.474176328230094
953 646 52.93539931459142
954 459 103.00561006460262
955 4080 90.11722641185982
956 638 33.20253916234361
957 5492 129.48642310311863
958 929 47.139505665663314
959 546 28.84176529003223
960 15836 210.41874093625145
961 381 30.68637885580937
962 1259 9.01129039980108
963 1726 31.953003643260125
964 1929 37.0482805325739
965 1369 38.62603958010616
966 1148 30.403056693698968
967 180 4.000612358049535
968 5499 43.19938625198264
969 161 34.49805558944675
970 516 9.53496039363889
971 2915 86.1579872184736
972 1223 37.607341810077884
973 423 98.65098332501927
974 963 50.277014024775404
975 6364 82.72490104201255
976 187 35.68661592254482
977 1599 8.039655009984601
978 265 2.8516413975663206
979 260 38.370323723507596
980 1753 8.944670400017298
981 403 2.613591259882285
982 2304 3.392391779421372
983 1304 255.79172335933603
984 2253 106.00508651005333
985 7494 210.5050143089466
986 1072 55.33466834595372
987 6120 226.3535560782521
988 201 6.200560002594607
989 1010 147.7534768500858
990 4778 63.566925020502026
991 1623 72.06724432700074
992 2086 50.881637675541356
993 1239 65.22077013484233
994 526 12.03785693215567
995 150 0.4676600818227729
996 39506 120.19355842575332
997 1733 0.041535713678982296
998 1914 28.151096066854365
999 31637 68.05335854837938
1000 1350 18.68796148862466
1001 7109 17.73306594470708
1002 3892 13.31588254462955
1003 15551 24.289724894478276
1004 12790 81.52154372916013
1005 3556 61.649420383414906
1006 1989 24.302231516130576
1007 8617 74.78589089988061
1008 8680 48.785707501347495
1009 8897 40.92070581021997
1010 17537 22.613281605937942
1011 2758 96.10584682245631
1012 10705 18.23468216841159
1013 2356 33.51312322682576
1014 2512 27.77515301229195
1015 30112 106.57939225973247
1016 153 0.2357103585035915
1017 1679 48.44339240181808
1018 5015 33.19086034375449
1019 1582 22.101540624898647
1020 14992 27.855565740072926
1021 2806 15.980567863634889
1022 1040 25.98907176403906
1023 173 0.1803811446230639
1024 1898 34.77245647470181
1025 64 0.1783135674759883
1026 12390 14.996141294863142
1027 5368 51.13280177359895
1028 24931 107.22042264288483
1029 1023 24.817833132817604
1030 1123 47.05001528964613
1031 6423 54.89986633142702
1032 4488 42.460736883723015
1033 2393 15.308260115490883
1034 6735 70.54767280775046
1035 9866 38.93893253559476
1036 3631 28.068983717299076
1037 1169 28.958336872603272
1038 4871 23.567942399733127
1039 1809 58.026436415921616
1040 4409 42.97240952467733
1041 168 0.20607856098174973
1042 22156 7.977969009895027
1043 30124 15.062614189718253
1044 2606 48.524401657459414
1045 2508 39.1057344667234
1046 85 0.05819872524505905
1047 326 0.3422494621596702
1048 15567 47.21245503840172
1049 6175 29.180238672920492
1050 2338 24.57202890515323
1051 1700 26.609516723629607
1052 1973 20.25442975025367
1053 287 0.5193664989953621
1054 6356 62.885309507225514
1055 224 0.46363844156806905
1056 3457 1.2871789367363864
1057 188 0.8145392951627575
1058 6382 102.48843701206337
1059 2328 17.094600052201013
1060 1174 18.71406315396056
1061 314 2.3660364449565017
1062 124 4.685389275934869
1063 37205 100.77119005956784
1064 3895 52.93156763660681
1065 4244 23.725884058150076
1066 119 0.08254517009345216
1067 6617 31.946301681706633
1068 534 18.640830382225708
1069 61 0.03974033856527521
1070 4488 52.271624424514705
1071 596 13.06795591330925
1072 6451 70.53091172623193
1073 2873 43.19437580405778
1074 1531 38.42801819931212
1075 1926 16.684237919249046
1076 2443 54.380638829214654
1077 1281 35.886077464451574
1078 10750 60.06362114419063
1079 7941 64.66426523983895
1080 399 0.8942875411005765
1081 663 20.45138587514691
1082 2000 29.960377422598096
1083 695 0.5547658908072161
1084 1855 71.35911093024369
1085 5184 78.15880459677805
1086 2027 21.288874697488946
1087 385 1.7574923127056958
1088 339 0.530880838057937
1089 2338 10.729236197233346
1090 10741 67.98332115824475
1091 5610 40.818970203722955
1092 3342 34.125867378536114
1093 5438 0.9975945834498074
1094 16029 1.6997445548010262
1095 19931 4.365607099337912
1096 19201 3.467991357488915
1097 16443 3.9440008988458635
1098 13897 3.140837332064859
1099 22854 4.159302668583793
1100 13243 12.727169392290621
1101 27606 4.5732196442609
1102 6517 4.668261397350103
1103 20356 10.661375265059144
1104 8793 3.6553227273639877
1105 15245 33.89025586218932
1106 15363 4.988984118845338
1107 8891 2.9721906047441147
1108 98 2.443477730398751
1109 1610 44.161476423828994
1110 1153 35.38996010792328
1111 1684 17.385840011613954
1112 293 0.959370468125721
1113 3625 38.6549999459457
1114 5889 145.39135200626413
1115 624 7.579743998813894
1116 331 63.7279354190058
1117 526 2.3022465741154012
1118 443 3.8751785722559333
1119 1419 49.09963829948247
1120 6460 162.23656789143425
1121 3784 46.128227621131835
1122 1325 25.331464856207827
1123 1079 0.886485188348363
1124 2018 76.86236963260062
1125 1049 0.8068157072542421
1126 1076 12.14726091395018
1127 11323 38.04109246838209
1128 2149 119.34531395512258
1129 866 77.39045779362684
1130 5561 95.3880207166983
1131 2056 133.41816487180637
1132 1267 15.863844929011254
1133 3889 52.94130667786878
1134 189 80.66759614330259
1135 2460 49.183759538654236
1136 62 1.7007372234929274
1137 1374 29.089831304237702
1138 1590 38.15358719808741
1139 790 18.497598830573732
1140 1206 243.06369025647996
1141 6941 108.16888919948664
1142 8205 57.88657283354208
1143 102 0.18416108491622354
1144 165 7.940446056120724
1145 1658 56.1801521860333
1146 177 4.9387645811486385
1147 6735 37.81141997569101
1148 1469 36.97312806082499
1149 10093 30.420897316898767
1150 65 0.16776293944219048
1151 86 197.91453551136144
1152 3342 52.080798443853794
1153 905 29.109140660111166
1154 11096 31.541911004993075
1155 333 61.66129032258065
1156 824 28.324183355289676
1157 60 0.2760163367552282
1158 2315 21.187891604130986
1159 243 2.9563716125325676
1160 8906 134.09404252066034
1161 8830 453.357717101392
1162 1118 45.58284671589212
1163 1534 25.388041180113575
1164 7372 26.706484354367664
1165 236 2.946353805500257
1166 725 10.910155568288348
1167 5453 54.28936273063813
1168 4280 37.6422060642752
1169 2374 34.46366237990292
1170 241 0.1099920154070212
1171 3264 68.45534844176885
1172 16135 19.8860091243666
1173 77 1.9794589781883158
1174 2271 52.00549346174577
1175 3305 1.3068384872825665
1176 255 5.216086329357511
1177 1266 217.65250263707784
1178 14125 42.010381901383326
1179 2725 11.147652035453445
1180 1970 25.53302872445741
1181 1635 15.774440653779092
1182 2069 36.85739007284976
1183 1820 43.609309000659465
1184 286 0.20829131254662184
1185 108 38.33661352871133
1186 460 96.12505733617299
1187 3789 85.81892734638153
1188 3950 86.11490516558378
1189 42986 112.88851415527795
1190 51 3.593060276727151
1191 104 2.3809886377851943
1192 4629 76.31224237332374
1193 826 43.04957436096229
1194 4164 28.072334311973645
1195 2222 50.91337952144952
1196 4429 71.49902045878204
1197 3083 2.3184377688236393
1198 1189 38.34601550277453
1199 451 9.726430778829863
1200 847 4.016635598311653
1201 725 66.91363087396545
1202 3540 93.83681854896625
1203 310 14.44477966693282
1204 766 46.13461104839096
1205 28 0.015108178107388915
1206 3032 21.356079255965664
1207 1452 20.250324711929167
1208 3083 35.78755808907223
1209 3532 53.749057910693026
1210 256 6.919470669362175
1211 176 2.55000216217218
1212 1132 44.17013592340968
1213 815 29.450745717740777
1214 98 4.184371896703769
1215 658 42.699498607715554
1216 1361 11.832771039865822
1217 3641 72.34926841359882
1218 11596 15.079566005711223
1219 2070 74.53875075869077
1220 314 17.509339811613028
1221 2144 0.8727291400577918
1222 38546 8.748766403550905
1223 33257 53.76162785310202
1224 38158 140.68473406054392
1225 3881 9.74913204231062
1226 9760 5.45312410713872
1227 4777 80.71840178410093
1228 2716 35.15288989755937
1229 1822 17.82089723967833
1230 1719 39.5586427427463
1231 2852 17.71265310881749
1232 2726 83.30653346656432
1233 357 8.964906015008564
1234 1271 3.828486850132124
1235 1880 5.540331847097361
1236 11299 127.65736173295011
1237 1711 50.36360322904971
1238 10901 108.81115781231419
1239 2197 46.27716151580625
1240 650 27.206451535682792
1241 2432 58.18422401957075
1242 49 0.3964724933088493
1243 5457 63.40337600019768
1244 1868 55.33530695895116
1245 2267 99.3011859514407
1246 220 0.18425838266432124
1247 1525 48.00506450222935
1248 345 19.80600875370851
1249 3984 44.13803191366138
1250 1092 55.26109387379401
1251 282 3.208284362707472
1252 4491 35.22634313363614
1253 378 1.2247330875664288
1254 243 19.310318040083583
1255 271 12.356407828916582
1256 91 0.30952421401180236
1257 10088 180.98809531163852
1258 19 0.03621406740108448
1259 2211 107.50403322331995
1260 69 0.0913096894657427
1261 2424 183.5290939571921
1262 1391 41.31294507928222
1263 127 2.4482152040858876
1264 1815 66.41512663379136
1265 2461 66.51748888411838
1266 3512 20.238399174050226
1267 2861 85.07449725635794
1268 2357 78.70616157294937
1269 593 56.82070071367126
1270 1891 53.776303596773424
1271 1646 46.048545784768116
1272 16582 88.81954819867892
1273 399 0.9839524353008585
1274 882 43.353748357135245
1275 266 39.11424608917107
1276 3181 49.60245607315555
1277 3329 36.75358573089914
1278 16452 102.27863874272776
1279 430 72.63536896696047
1280 602 124.7007654089517
1281 2249 34.90244858277336
1282 126 0.567197994739744
1283 160 1.0529380831108097
1284 16646 159.42661317349732
1285 93 0.19648160532017908
1286 211 0.7851148345088858
1287 1853 62.48351073441267
1288 1244 35.146145850868805
1289 897 33.79525696644154
1290 877 31.34751319311132
1291 1131 157.7045445770405
1292 2272 20.169513912805773
1293 479 134.41695444148775
1294 846 51.641337334381475
1295 3176 72.22036202484335
1296 27 0.27289663118130275
1297 503 19.351561474416098
1298 1507 22.349781157287214
1299 134 17.000925100811276
1300 87 1.8619456924124744
1301 2281 65.52021746818905
1302 2805 49.04973189064969
1303 1162 89.6027564606477
1304 8153 32.959776261511635
1305 5216 90.72360219429588
1306 2287 36.21948866172353
1307 2338 60.685809355101256
1308 953 40.26026143750473
1309 554 39.56063348556055
1310 3806 58.797443463058514
1311 1137 11.5868162323532
1312 2539 27.748048639607596
1313 3800 13.30645122680105
1314 1092 26.933588109288536
1315 189 1.9675218572441262
1316 782 48.547870105961884
1317 5848 93.72116975059343
1318 3310 79.56302809124985
1319 1228 57.47779989714238
1320 613 45.831850958382816
1321 1045 37.19177270319399
1322 44264 49.18163057126134
1323 201 2.8650731200298996
1324 1631 53.05001374523743
1325 513 5.684676917422011
1326 727 6.019003176848696
1327 5948 96.87077546305234
1328 1045 22.150931201225642
1329 755 36.709765836752915
1330 2670 114.45920212757743
1331 172 0.4677226303751214
1332 464 15.507664128173566
1333 3629 63.64786361944534
1334 991 35.31190376171627
1335 19104 28.961344222444275
1336 105 0.7175573786442254
1337 3800 20.380109483132742
1338 1236 22.308609924061425
1339 2250 33.2990384511434
1340 1398 68.5545176271087
1341 718 10.055125738034308
1342 3975 89.70399283703244
1343 391 15.1945468473213
1344 205 3.094358738341645
1345 1199 23.816435442944137
1346 1771 36.79891682895828
1347 1517 30.077242828924305
1348 1149 40.02800553516078
1349 4354 63.44011748316981
1350 2348 31.58536873529916
1351 977 27.89161339743659
1352 13999 107.24683203165421
1353 22455 107.29789867752282
1354 3442 56.57580652883334
1355 58 0.8447359601666108
1356 11759 91.44301247727789
1357 5042 110.48744511557582
1358 709 27.734549349263393
1359 4255 35.73392463594426
1360 118 0.34820779092412785
1361 1511 42.21442145677895
1362 4409 10.356368060392558
1363 1405 39.75587338628596
1364 529 11.914338213150023
1365 695 12.497776051472053
1366 1888 54.41616563474425
1367 724 23.990840884204868
1368 83 0.3880477438505507
1369 305 8.13051643482518
1370 67 3.2598938682341387
1371 4551 66.19142019190822
1372 22004 51.092538266586565
1373 6596 185.11382446559597
1374 182 0.47978137350443323
1375 94 0.9165003853299707
1376 432 4.409566376369312
1377 4189 56.50278611329473
1378 688 15.197141840039412
1379 1149 26.70412218126107
1380 6371 110.25544944609781
1381 19773 23.234361317504174
1382 6177 0.7120673918180316
1383 18763 39.642014943698584
1384 9579 23.1902472135006
1385 28026 27.047920685346806
1386 9464 65.91238608055328
1387 12704 47.929410869857314
1388 1986 33.42298612966547
1389 9858 25.870578550943094
1390 1467 24.451978541985522
1391 5672 74.0553697546089
1392 9822 66.80416009649466
1393 2362 32.17195214804084
1394 1751 40.49661388392533
1395 23306 69.10485376766225
1396 1688 63.1778687777704
1397 3039 22.39330452496305
1398 674 0.7575154788361954
1399 1595 13.536972758174942
1400 1807 19.86653528896659
1401 9392 18.716747336281095
1402 7989 23.203961562756277
1403 2219 17.288869292058497
1404 2742 25.680025158417724
1405 125 0.22848793121821415
1406 5201 54.1735614219062
1407 1166 17.307407215786327
1408 101 1.8682885789432229
1409 2217 29.228144300282473
1410 237 2.273692773866134
1411 3969 45.645714188637164
1412 24742 8.69435418233598
1413 6440 13.10401322322729
1414 15072 23.36770903957856
1415 19533 16.348336749050574
1416 17329 61.96044460437655
1417 1344 24.85793409081432
1418 1405 32.33630619138004
1419 8116 48.195324843203906
1420 2285 39.847298134199846
1421 8933 26.94159625450002
1422 443 17.74289185895842
1423 349 0.9579747087631294
1424 3329 72.3495375268148
1425 14870 50.43229852802407
1426 1896 37.33156640107985
1427 1318 40.39539488213845
1428 5040 49.49973320339708
1429 7150 3.4818045489013847
1430 844 8.515579608863053
1431 6732 51.12620019861096
1432 20374 28.274158026987
1433 41937 39.484846647938134
1434 4330 52.87974345827085
1435 3095 35.16887607201269
1436 426 9.92927843681129
1437 7353 6.955197089716246
1438 31847 33.88020137545039
1439 1079 21.260839046358516
1440 11086 19.708046909869854
1441 50666 121.9316680231723
1442 2958 46.056145819980635
1443 1905 42.43029272722499
1444 1281 3.8080570257468374
1445 11183 79.94975691007063
1446 4566 47.098949493202284
1447 5882 27.09012512799287
1448 1117 0.47458791314863236
1449 3352 36.07468412981064
1450 85 0.03994690322889527
1451 703 17.020583879153108
1452 45100 32.895763609715566
1453 3782 35.12211562370173
1454 588 0.5731570957085516
1455 29961 41.13067126179735
1456 1591 30.89577171786124
1457 265 1.0890714551573213
1458 5283 42.25030000138997
1459 6218 28.078740519261093
1460 104 0.8487935079235889
1461 119 1.0332924322429293
1462 5033 23.161520825579114
1463 2018 46.8546645775965
1464 2125 23.85828042446529
1465 7728 70.51168306571304
1466 1214 14.460580898444316
1467 1618 28.133114902462868
1468 41676 14.942347995434728
1469 1663 37.668615066942394
1470 36 0.03963261605845278
1471 151 0.3081825089537094
1472 2286 12.325985680242534
1473 2077 50.99211038815624
1474 3200 24.62912685309739
1475 396 0.5788551916070653
1476 5794 24.428179203919093
1477 11549 1.0239066744710785
1478 3911 0.837277624452314
1479 1618 2.6480076355566124
1480 8691 1.7978809168227807
1481 20751 4.843995030092803
1482 23552 3.902593757191153
1483 11125 1.3571711529165387
1484 7926 0.9131235357075014
1485 14694 3.205428364919065
1486 22611 4.049507179183842
1487 10641 1.9047964700994753
1488 24465 2.259491549767798
1489 19775 2.86317002240937
1490 39999 4.929259903906891
1491 22431 2.7719962409092243
1492 23480 3.2131094815883317
1493 19039 8.165317368265798
1494 11536 7.031756517790816
1495 24227 3.809503750596528
1496 53555 23.00556334623944
1497 14046 1.2777093947925628
1498 22665 3.4323514240220416
1499 39889 20.273764588870684
1500 33385 11.842299269340245
1501 29267 6.919723952388969
1502 23426 8.649996833962165
1503 20857 15.815580998830882
1504 5713 1.1619521017085794
1505 12817 1.672096936356462
1506 107 0.013896589482267872
1507 5981 2.4563839678021675
1508 30389 22.18650240850537
1509 16898 8.209707535324489
1510 14491 113.28269937930214
1511 7142 39.302125338032454
1512 132 1.4521140638489445
1513 3817 37.23077713101373
1514 1325 37.36583258300811
1515 20467 60.52032132967411
1516 2468 34.01910588002724
1517 4799 50.47622460026842
1518 27007 127.14285278541831
1519 10717 18.678354494306536
1520 1964 30.205412148627715
1521 8096 51.136286345728244
1522 5726 38.63812998361382
1523 4629 66.17095098510109
1524 2941 36.63600796606008
1525 11415 124.10093135566652
1526 325 0.3507977643139659
1527 8019 1.8918562557046597
1528 41104 31.818879855814004
1529 11073 50.6234994138969
1530 20087 78.00883865098989
1531 655 11.981749336290362
1532 7524 30.517546027240282
1533 1719 17.224177486536618
1534 9105 10.773276169619319
1535 17813 53.04413186470362
1536 6220 65.9552102171902
1537 8016 64.1215001768348
1538 2672 27.131006012383068
1539 8598 43.712197508251
1540 234 1.5257383431892348
1541 2288 24.788625661586078
1542 1732 26.177221284422938
1543 1595 11.703946504771451
1544 275 1.4800327260203523
1545 833 1.2940349530576976
1546 1820 23.768803562024225
1547 8275 58.51200854984656
1548 4267 35.34681048715284
1549 308 5.6333955987440865
1550 6025 33.406002653294145
1551 7192 67.6527613255351
1552 10691 37.30424040574705
1553 1701 1.1376944603604342
1554 5393 39.603835230124616
1555 1325 2.8811554339247905
1556 1351 32.72500722011067
1557 4895 69.91746911568703
1558 497 2.3109666917375677
1559 4721 102.76099001230894
1560 13976 46.904126196723695
1561 6389 3.74350614751883
1562 2365 28.325379499827797
1563 2883 34.13502147500297
1564 11581 40.79027895109939
1565 2761 37.79755736320014
1566 9565 46.81130105622111
1567 2865 45.60544797890955
1568 19804 16.716006020105112
1569 12820 135.43451398230417
1570 67 0.39001184561472874
1571 5575 49.29923227443525
1572 4431 40.6430798134972
1573 2000 32.137151600702396
1574 31426 32.33435676149851
1575 687 18.22265894668238
1576 207 0.33826064058984057
1577 242 0.21167125098649106
1578 4129 49.22128133412201
1579 97 1.8508931315511887
1580 3152 25.167638614541843
1581 2101 28.23681499682624
1582 173 1.4350483477143523
1583 4695 34.16035865803239
1584 4249 30.076286839939026
1585 91 0.11238237397238907
1586 1537 20.001770664574508
1587 5651 43.689872694390864
1588 974 3.1371805583655212
1589 18057 42.518931361844146
1590 2164 38.8368656534316
1591 3086 51.8734237378706
1592 14487 42.10301553520711
1593 6048 23.74113586626656
1594 6211 76.28800982861696
1595 1176 18.35533214825706
1596 5081 74.73183003164493
1597 50587 42.59588693075026
1598 120 0.049520692759966456
1599 10256 11.149857451076993
1600 749 0.24079571025039498
1601 7854 43.813081373349995
1602 5446 67.53046539211765
1603 1748 40.41132391346987
1604 110 0.1667876453481638
1605 1743 0.36486423875322976
1606 12610 1.8074763280756514
1607 28255 9.729652801480162
1608 16223 1.6851201627189005
1609 12268 1.749122775858421
1610 42571 7.2747418134755835
1611 14233 4.332388026508231
1612 17396 2.8945219051207958
1613 34515 17.027995496504232
1614 14730 1.8270215923780342
1615 1224 0.24294398275204365
1616 16099 5.775980429252954
1617 28534 5.944249548646558
1618 22789 7.685391978650094
1619 22920 9.67361933723245
1620 14749 1.455983193744527
1621 25141 4.478521908209613
1622 33802 4.12318782944168
1623 12108 4.600866104398939
1624 27173 19.08528765384241
1625 36296 27.925670698088176
1626 10387 7.634059694485071
1627 30041 13.63305389831922
1628 2320 0.1538617167338227
1629 40730 92.30672728985617
1630 6356 78.78399591040576
1631 239 1.9891300654674848
1632 183 10.503472216859691
1633 1535 50.568530819447815
1634 3540 48.503820094919355
1635 1766 39.98006400029653
1636 3342 26.001613134887112
1637 487 18.174609689311303
1638 2747 43.43306609914795
1639 3104 12.339874161579127
1640 636 27.26804178243297
1641 2163 32.96254422800415
1642 3497 94.27278195883532
1643 675 0.24445711717583246
1644 230 3.712751564872115
1645 153 0.33280965008332086
1646 1295 43.229714963930334
1647 2540 74.44722639641573
1648 2156 40.6704737628128
1649 5450 108.75998305783656
1650 1031 26.794124528762296
1651 948 35.32541309071702
1652 1576 45.80296279365001
1653 211 2.2371895159359814
1654 3833 27.716372817171354
1655 2751 82.86545034185487
1656 282 5.230100293900976
1657 4252 110.24097795047699
1658 3651 65.8713874349997
1659 2903 79.1454373533777
1660 1431 26.052079005771457
1661 1873 61.51341087294613
1662 314 0.2255890760883834
1663 1783 43.44510090394241
1664 2094 17.43013249482237
1665 2289 43.44894146227705
1666 746 17.902490281808255
1667 4426 11.09270042950006
1668 169 0.2518034832593819
1669 1166 54.979409171007745
1670 667 16.60211784765026
1671 2916 75.39595704690524
1672 110 0.137029206312925
1673 3487 46.186306268600475
1674 18775 63.42821163650179
1675 2088 53.218141551234986
1676 919 9.124144204529133
1677 2963 29.687617857688917
1678 4255 73.84254676083441
1679 151 0.17812360520589285
1680 2537 54.018852210898274
1681 667 14.35422210450396
1682 1453 0.41548300609886996
1683 6932 112.62718784797458
1684 2225 72.62077932407409
1685 2401 54.9612187392374
1686 320 24.917589193463446
1687 1033 29.04323958257722
1688 5121 42.051371666586874
1689 163 0.2104264575743208
1690 5475 108.66542933789654
1691 4135 1.0402330049405635
1692 1174 24.923696943769624
1693 1479 55.87622104812841
1694 1100 27.665418527035648
1695 2269 68.73252964878601
1696 3076 67.64598098524009
1697 591 3.36945885463562
1698 2552 55.73745206541498
1699 12356 120.79527704375464
1700 3478 77.54281023695863
1701 2520 60.80867556143117
1702 1931 8.607703201713676
1703 946 17.314261301596765
1704 520 3.8507193855724426
1705 2380 40.293705994004604
1706 1745 37.29933690812467
1707 733 41.26495914266784
1708 784 30.739469835381477
1709 3314 54.25685601632131
1710 1169 49.46253766426717
1711 3754 77.54810099506253
1712 678 22.674012775348768
1713 919 16.872514467248497
1714 2216 60.83339922810453
1715 191 0.08999192274249919
1716 19850 89.86887931527096
1717 1009 29.966535366187024
1718 5648 79.68298694820207
1719 1956 36.034434908578724
1720 793 44.05094540978568
1721 3061 58.85628504842494
1722 915 19.604228668240935
1723 938 16.731045085923178
1724 13043 100.57368953060787
1725 20453 79.82171037085887
1726 792 34.158833168339
1727 2398 38.97262574189533
1728 63886 125.96231449721003
1729 2755 0.23409838192300506
1730 37 0.02276072321570602
1731 956 28.007232079839753
1732 215 0.3770608203590132
1733 1598 36.07648104933305
1734 1029 31.162533571584117
1735 1039 20.990683740619648
1736 1404 34.209760431322465
1737 1307 12.452139546592495
1738 2607 19.940102811287158
1739 5569 67.06136206036476
1740 1378 20.156602269971906
1741 9821 61.298965863934505
1742 5456 57.16970464728022
1743 605 6.429550638844659
1744 2448 73.8869106729452
1745 250 2.3161578354803187
1746 401 42.301963561221136
1747 781 16.039182420922412
1748 2398 43.11248816596834
1749 1668 55.075487608436795
1750 192 1.2286026035641864
1751 3826 33.226538501336684
1752 4136 72.09613094732485
1753 273 19.161530092031313
1754 873 42.007178025535254
1755 6753 77.61060475955873
1756 1590 44.94982563625778
1757 4149 52.16701544563141
1758 8189 42.89290336480323
1759 6 0.0226653559784833
1760 1454 11.251295372797093
1761 9616 113.61304955853078
1762 980 25.55955124116405
1763 1734 58.36071595698513
1764 16736 37.39051841166832
1765 7567 20.868332980693346
1766 16269 5.615009027068851
1767 9070 4.166151735065954
