0	4.15027e-06
1	3.90533e-06
2	4.29486e-06
3	3.12863e-05
4	2.13727e-05
5	1.78933e-06
6	1.4823e-05
7	2.88111e-06
8	1.99153e-06
9	4.56964e-06
10	2.84447e-06
11	8.83069e-06
12	1.49007e-05
13	0.000135523
14	1.91663e-06
15	1.71599e-06
16	9.93684e-06
17	6.03068e-06
18	1.67451e-05
19	1.87165e-06
20	5.90306e-06
21	2.59386e-06
22	1.4268e-05
23	2.60579e-06
24	6.14657e-06
25	2.44743e-05
26	1.35629e-05
27	3.96948e-06
28	5.74675e-06
29	1.06826e-06
30	2.24203e-05
31	1.62302e-05
32	1.14759e-06
33	3.25795e-06
34	1.73592e-05
35	2.38096e-05
36	4.24411e-05
37	3.49956e-06
38	1.49373e-06
39	2.79291e-05
40	5.9301e-06
41	0.000290438
42	3.20163e-06
43	2.10709e-05
44	1.12827e-05
45	1.514e-05
46	6.93755e-06
47	7.10821e-06
48	2.53658e-05
49	2.87737e-05
50	2.37651e-06
51	3.93121e-05
52	4.26228e-05
53	1.29113e-05
54	2.33242e-05
55	1.19325e-05
56	7.68704e-06
57	1.02067e-05
58	4.88225e-06
59	1.45258e-06
60	3.18769e-06
61	5.75171e-06
62	3.5597e-05
63	0.000113036
64	1.44835e-06
65	1.93929e-05
66	1.81635e-06
67	1.17729e-05
68	1.14096e-06
69	2.10715e-06
70	1.32941e-06
71	6.08134e-06
72	5.66718e-06
73	2.16752e-06
74	5.91781e-06
75	1.47459e-05
76	2.42521e-05
77	1.63636e-05
78	3.84322e-06
79	2.58311e-05
80	2.41079e-05
81	7.82313e-06
82	1.53979e-05
83	4.32559e-06
84	5.95147e-06
85	1.13172e-06
86	2.6788e-06
87	2.81957e-05
88	0.000163653
89	3.86004e-05
90	6.1556e-06
91	3.68956e-06
92	1.18459e-05
93	9.10156e-06
94	0.000174818
95	5.29788e-06
96	2.74315e-05
97	3.63181e-06
98	4.75421e-06
99	2.86818e-06
100	9.71941e-06
101	5.8068e-06
102	4.65802e-06
103	6.39798e-06
104	4.05996e-06
105	6.43133e-06
106	4.04385e-06
107	4.45897e-06
108	1.06847e-05
109	8.63443e-06
110	1.91013e-05
111	1.08455e-05
112	4.26157e-05
113	2.35021e-06
114	7.61141e-06
115	6.00146e-06
116	1.93255e-05
117	1.70821e-05
118	4.99084e-06
119	2.84675e-06
120	6.59957e-06
121	2.09891e-05
122	0.000344982
123	2.56997e-05
124	3.85382e-06
125	5.08685e-06
126	3.29908e-06
127	4.36159e-06
128	1.44989e-05
129	1.33494e-05
130	6.23296e-06
131	1.55898e-05
132	1.47907e-05
133	1.42453e-05
134	9.74198e-05
135	3.22555e-06
136	5.94717e-05
137	2.55953e-05
138	0.000118828
139	1.05547e-05
140	6.77465e-06
141	3.08859e-06
142	0.00048659
143	1.03176e-05
144	3.39566e-06
145	2.7524e-05
146	1.26306e-05
147	7.49534e-06
148	1.93672e-05
149	3.16753e-06
150	0.000104425
151	1.10176e-06
152	3.46017e-06
153	4.13076e-06
154	2.42835e-05
155	2.14695e-06
156	0.00348089
157	3.99911e-06
158	1.02526e-06
159	1.34821e-06
160	2.43654e-05
161	2.37416e-06
162	4.75657e-05
163	9.1797e-05
164	8.40408e-06
165	7.40213e-06
166	1.41257e-05
167	3.46529e-05
168	6.42015e-05
169	1.15247e-05
170	1.33493e-06
171	5.74514e-06
172	1.7411e-06
173	8.42524e-07
174	4.84773e-06
175	8.0007e-06
176	1.87917e-06
177	9.27899e-07
178	5.86344e-05
179	1.41846e-05
180	3.27518e-05
181	4.01736e-06
182	9.96593e-06
183	2.78011e-05
184	4.40117e-06
185	1.59738e-06
186	1.84714e-06
187	1.6681e-06
188	6.04686e-06
189	6.94681e-06
190	4.27603e-06
191	6.28912e-06
192	6.65041e-07
193	2.84492e-05
194	5.66723e-05
195	0.00015474
196	7.00581e-06
197	3.51156e-06
198	4.62057e-06
199	7.27373e-06
200	7.17246e-06
201	0.000189885
202	5.07622e-06
203	3.0323e-06
204	7.84995e-07
205	2.26186e-06
206	2.08944e-06
207	1.46087e-06
208	1.157e-06
209	5.12619e-06
210	1.78995e-05
211	3.56123e-06
212	1.37497e-05
213	1.28804e-06
214	2.06414e-05
215	1.3618e-06
216	6.5327e-06
217	8.90668e-06
218	1.201e-06
219	3.06345e-06
220	1.26922e-05
221	1.77601e-06
222	4.08816e-05
223	1.37021e-05
224	5.87485e-05
225	2.91725e-05
226	2.5074e-05
227	0.000102498
228	2.21889e-06
229	2.08058e-06
230	1.49143e-06
231	8.91018e-07
232	3.4773e-06
233	6.27773e-05
234	2.13134e-06
235	3.68109e-05
236	1.6007e-05
237	3.27415e-05
238	2.90139e-06
239	7.75572e-05
240	3.62903e-05
241	2.41196e-05
242	2.34977e-05
243	3.43143e-05
244	1.14214e-05
245	6.38271e-06
246	2.87141e-06
247	9.67782e-06
248	1.01334e-05
249	8.48825e-06
250	3.70411e-05
251	5.53147e-05
252	4.5913e-06
253	2.31267e-05
254	2.40479e-05
255	7.78322e-06
256	2.57115e-06
257	3.63311e-06
258	1.18761e-06
259	8.20127e-06
260	1.02069e-05
261	7.13755e-07
262	2.57968e-07
263	1.81528e-05
264	1.32697e-05
265	0.000296939
266	1.26021e-06
267	7.36274e-06
268	4.62241e-06
269	7.47665e-06
270	1.94466e-06
271	4.77228e-06
272	1.47114e-06
273	6.92437e-06
274	1.20617e-05
275	2.14685e-06
276	7.3139e-07
277	1.6898e-05
278	4.97454e-06
279	7.88195e-07
280	2.08918e-06
281	1.33372e-05
282	2.63314e-05
283	4.469e-06
284	3.19503e-05
285	7.66409e-06
286	2.67398e-05
287	3.69222e-05
288	2.7123e-05
289	1.15143e-05
290	5.67784e-05
291	8.72979e-06
292	0.000115745
293	2.51885e-06
294	3.92756e-06
295	2.82901e-05
296	2.55702e-05
297	3.07776e-05
298	6.11717e-06
299	0.000170336
300	9.08061e-05
301	3.90833e-06
302	1.00855e-05
303	0.000280901
304	4.68225e-05
305	0.000147053
306	5.50026e-05
307	6.6043e-05
308	1.56244e-05
309	6.75166e-06
310	9.58581e-06
311	6.67936e-06
312	2.22974e-05
313	2.17802e-05
314	1.56008e-05
315	8.65978e-06
316	3.19638e-05
317	3.33712e-05
318	1.30403e-05
319	4.34802e-05
320	2.53303e-05
321	2.22094e-05
322	2.55047e-05
323	3.05884e-05
324	4.37608e-05
325	1.8396e-05
326	1.88786e-05
327	2.53438e-05
328	1.29305e-05
329	2.24752e-05
330	2.69862e-05
331	2.01226e-05
332	3.07074e-05
333	5.3488e-05
334	0.000100273
335	4.14141e-05
336	2.29967e-05
337	2.11753e-05
338	1.36079e-05
339	6.69008e-06
340	4.10687e-05
341	0.0020036
342	0.000497154
343	3.91845e-05
344	8.40828e-05
345	1.99332e-05
346	1.45321e-05
347	1.67996e-05
348	0.000327501
349	8.16831e-06
350	6.39047e-05
351	9.75475e-06
352	0.000179463
353	1.06122e-05
354	0.00011994
355	9.05193e-06
356	0.000186116
357	0.000175008
358	5.77159e-06
359	1.83449e-05
360	5.33592e-06
361	1.05666e-05
362	4.68766e-05
363	3.97825e-06
364	1.8524e-05
365	7.81776e-05
366	2.15365e-05
367	1.46295e-05
368	4.80464e-06
369	8.67563e-05
370	2.82444e-05
371	5.32152e-06
372	2.35847e-05
373	0.000158426
374	3.62943e-05
375	2.58557e-05
376	4.10921e-05
377	3.32064e-05
378	1.00478e-05
379	1.31743e-05
380	6.85515e-06
381	0.000464172
382	3.54369e-05
383	4.07527e-05
384	3.50076e-05
385	9.02206e-05
386	5.94159e-05
387	4.77667e-05
388	6.07924e-05
389	5.95708e-05
390	0.00172048
391	0.00250693
392	0.000693703
393	0.00192506
394	0.00283693
395	0.000768436
396	0.00263914
397	0.000933145
398	0.00190245
399	0.000896922
400	0.00153088
401	0.000615399
402	0.00143962
403	0.000733099
404	0.00153769
405	0.0151341
406	0.00190345
407	0.0038505
408	0.000547063
409	0.00127696
410	0.000132744
411	0.00137198
412	0.000155803
413	0.00173009
414	0.000166939
415	0.000403859
416	0.0050463
417	0.000752468
418	0.000166031
419	0.00025469
420	8.93527e-05
421	9.4836e-05
422	0.000615767
423	0.00100843
424	0.000639083
425	0.00157899
426	0.00142993
427	0.000259291
428	0.000518772
429	0.000409716
430	0.000947021
431	0.000293766
432	0.000669109
433	0.00022768
434	0.00100926
435	0.000228508
436	0.000365661
437	0.000355945
438	0.00028431
439	0.000277716
440	0.00114351
441	0.00524844
442	0.00120113
443	0.0031054
444	0.0396877
445	0.00477145
446	0.00314029
447	0.00564807
448	0.00405419
449	0.00696178
450	0.00185255
451	0.00524279
452	0.0035611
453	0.0202474
454	0.00154336
455	0.0397104
456	0.00257515
457	0.0128543
458	0.00132435
459	0.00278856
460	0.00116538
461	0.000998295
462	0.0020674
463	0.00261278
464	0.00167053
465	0.00131942
466	0.00273753
467	0.00508449
468	0.00148272
469	0.000623554
470	0.0010622
471	0.00227949
472	0.00248968
473	0.0085472
474	0.00253467
475	0.00177052
476	0.00123661
477	0.00321997
478	0.000902835
479	0.000539101
480	0.000850518
481	0.000619982
482	0.0501941
483	0.00115131
484	0.000395013
485	0.00066168
486	0.00121568
487	0.00230135
488	0.000546615
489	0.00212165
490	0.00296208
491	0.000767559
492	0.00261175
493	0.00176513
494	0.00732035
495	0.0011754
496	0.000541781
497	0.00108159
498	0.000515171
499	0.00448019
500	0.000919429
501	0.00143132
502	0.000554795
503	0.00110601
504	0.000590337
505	0.000428132
506	0.000225516
507	0.000438671
508	0.00085241
509	0.00274919
510	0.00107934
511	0.000589637
512	0.00178144
513	0.000290809
514	0.00228832
515	0.000561918
516	0.000475556
517	0.000442031
518	0.000275448
519	0.000867617
520	0.000250366
521	0.00210116
522	0.000776207
523	0.00149572
524	0.00169375
525	0.000756994
526	0.000386929
527	0.000575404
528	0.000103508
529	7.62158e-05
530	0.000107104
531	8.57046e-05
532	4.85448e-05
533	6.08125e-05
534	3.5665e-05
535	0.000298682
536	8.94092e-05
537	5.43779e-05
538	0.000106111
539	0.000129398
540	0.000615059
541	0.000167168
542	0.00012559
543	0.000159619
544	0.000369233
545	0.00075252
546	0.000261472
547	9.25242e-05
548	0.000181514
549	0.000290055
550	0.000412763
551	0.000232113
552	0.000111082
553	0.000406175
554	0.00157924
555	2.57214e-05
556	0.0003038
557	0.000558579
558	7.89194e-05
559	0.000244698
560	0.000210823
561	0.000163859
562	4.18991e-05
563	5.30547e-05
564	0.000274183
565	0.000533652
566	6.09144e-05
567	0.000198199
568	7.87099e-05
569	0.000107875
570	6.79381e-05
571	0.000174743
572	0.000129146
573	0.000139248
574	8.24253e-05
575	0.000130845
576	0.000102376
577	0.000155527
578	0.000298781
579	0.000319819
580	0.000719794
581	0.000134344
582	0.000108631
583	0.000326913
584	0.000257054
585	2.16482e-06
586	1.43311e-05
587	1.19658e-05
588	7.58387e-06
589	5.5753e-06
590	7.70301e-06
591	4.28641e-06
592	8.4197e-06
593	6.16457e-06
594	2.09966e-05
595	4.87518e-06
596	4.20391e-06
597	2.72279e-05
598	0.000129936
599	3.22084e-05
600	5.02388e-06
601	3.59384e-05
602	5.51487e-05
603	6.80777e-06
604	0.000164648
605	4.12246e-06
606	9.5176e-06
607	1.23393e-05
608	5.08325e-05
609	9.98985e-06
610	1.49929e-05
611	1.03784e-05
612	0.000528528
613	2.12633e-05
614	7.89769e-06
615	9.20124e-06
616	5.35269e-06
617	7.11515e-06
618	7.79605e-06
619	9.94066e-06
620	2.06441e-05
621	1.07988e-05
622	1.13818e-05
623	6.52021e-06
624	7.99832e-06
625	3.97691e-06
626	1.30251e-05
627	9.54534e-06
628	0.000548489
629	3.31973e-05
630	1.7912e-05
631	1.50327e-05
632	2.65274e-05
633	7.0355e-06
634	1.02313e-05
635	1.45409e-05
636	1.00376e-05
637	5.97395e-06
638	5.97629e-06
639	0.000366569
640	2.74308e-05
641	1.0729e-05
642	5.34057e-06
643	0.000206341
644	0.000260293
645	3.44666e-05
646	3.69526e-05
647	4.11943e-06
648	3.00531e-05
649	1.46391e-05
650	1.25056e-05
651	1.20801e-05
652	1.12986e-05
653	2.08228e-05
654	8.14329e-06
655	1.14682e-05
656	8.58987e-06
657	1.81126e-05
658	9.09959e-06
659	2.80313e-05
660	2.44548e-05
661	2.25507e-05
662	3.40599e-05
663	1.58298e-05
664	8.74718e-06
665	2.47334e-05
666	8.9462e-05
667	6.30747e-06
668	2.00568e-05
669	7.60474e-06
670	4.40533e-05
671	4.33325e-05
672	2.36154e-05
673	9.15644e-06
674	1.64859e-05
675	1.25888e-05
676	1.76328e-05
677	2.08171e-05
678	1.46555e-05
679	1.08798e-05
680	1.51358e-05
681	9.9708e-06
682	2.92545e-05
683	1.33005e-05
684	2.98988e-05
685	2.33842e-05
686	4.88393e-05
687	1.04371e-05
688	1.03528e-05
689	1.13379e-05
690	0.00018566
691	2.25898e-05
692	4.73728e-06
693	5.93534e-06
694	7.5829e-06
695	1.57152e-05
696	5.87778e-06
697	1.62826e-05
698	1.88345e-05
699	2.53713e-05
700	5.20834e-06
701	7.21612e-06
702	0.000144587
703	1.04516e-05
704	7.95076e-05
705	0.000130497
706	4.51939e-06
707	9.46183e-06
708	9.68954e-06
709	7.26668e-06
710	5.72073e-06
711	1.074e-05
712	9.04254e-07
713	1.08176e-05
714	1.7812e-05
715	2.00046e-05
716	1.36817e-05
717	6.3486e-05
718	4.9479e-06
719	6.79785e-06
720	5.5344e-06
721	6.78282e-06
722	0.000161547
723	3.61015e-05
724	3.87291e-05
725	2.10332e-05
726	6.98267e-06
727	7.40599e-06
728	8.80868e-06
729	3.6368e-05
730	0.000188692
731	0.000125654
732	8.69948e-05
733	1.89078e-06
734	5.16613e-06
735	8.84582e-06
736	0.000113005
737	2.47169e-05
738	7.23334e-05
739	2.76282e-05
740	7.31503e-06
741	8.58005e-06
742	1.73534e-05
743	7.63922e-05
744	3.43006e-05
745	1.83816e-05
746	5.12276e-05
747	1.49938e-05
748	0.000333741
749	6.26078e-06
750	2.21707e-05
751	1.19676e-05
752	0.000160222
753	2.61458e-05
754	4.38057e-05
755	3.79803e-05
756	2.34647e-05
757	1.79889e-05
758	0.000112704
759	1.24103e-05
760	1.55957e-05
761	0.000146305
762	5.70517e-05
763	1.45412e-05
764	0.000398508
765	6.90515e-05
766	1.9512e-05
767	3.47343e-05
768	0.000117964
769	4.02451e-05
770	2.39622e-05
771	9.30188e-06
772	3.08199e-05
773	4.19156e-05
774	2.37395e-05
775	1.65916e-05
776	5.83967e-05
777	1.6264e-05
778	0.000123957
779	2.34862e-05
780	1.99615e-05
781	1.5596e-05
782	0.000146727
783	3.79263e-05
784	8.58962e-06
785	4.89895e-05
786	3.05497e-05
787	1.77557e-05
788	9.35252e-05
789	0.000120539
790	3.43566e-05
791	4.57231e-05
792	3.22405e-05
793	3.18556e-05
794	3.62395e-05
795	3.59044e-05
796	0.000119713
797	0.000316802
798	0.000110171
799	2.94755e-05
800	1.72773e-05
801	1.44617e-05
802	3.83262e-05
803	1.25457e-05
804	2.74168e-05
805	3.50842e-05
806	0.000108393
807	9.80766e-06
808	4.45846e-06
809	8.07079e-06
810	7.05136e-06
811	2.54542e-05
812	4.61204e-05
813	1.29759e-05
814	3.68547e-05
815	1.34786e-05
816	9.45558e-06
817	1.03985e-05
818	2.32417e-05
819	1.83062e-05
820	4.72153e-05
821	9.35778e-06
822	3.29517e-05
823	9.24236e-06
824	7.55714e-06
825	3.99049e-05
826	9.53074e-06
827	1.28926e-05
828	8.49213e-06
829	8.74438e-06
830	1.36532e-05
831	8.90302e-05
832	1.24742e-05
833	6.09698e-05
834	1.29672e-05
835	0.000118271
836	2.66285e-05
837	4.99794e-06
838	2.61656e-05
839	8.69054e-06
840	6.37144e-06
841	2.5372e-05
842	7.98209e-06
843	9.40877e-06
844	1.42895e-05
845	7.93058e-06
846	1.38997e-05
847	8.29733e-06
848	7.51573e-05
849	9.30719e-05
850	1.59229e-05
851	0.000102359
852	3.34889e-06
853	1.58585e-05
854	5.42171e-06
855	8.43829e-06
856	9.54368e-06
857	2.58526e-05
858	8.88118e-05
859	4.29311e-06
860	6.47171e-06
861	7.04254e-06
862	9.31953e-06
863	2.34251e-06
864	6.1565e-06
865	2.57424e-06
866	1.09599e-05
867	2.21285e-06
868	2.67819e-05
869	3.65376e-06
870	1.34384e-06
871	2.33798e-06
872	3.80401e-06
873	3.95561e-06
874	3.33555e-06
875	2.84749e-05
876	3.35318e-06
877	8.16912e-06
878	7.61903e-05
879	4.73659e-06
880	1.20934e-06
881	3.00957e-06
882	3.40761e-06
883	2.24707e-06
884	5.67877e-06
885	8.16743e-06
886	6.07802e-06
887	4.78937e-06
888	3.91621e-06
889	5.23583e-06
890	3.72677e-06
891	4.40646e-06
892	3.62698e-06
893	8.2992e-07
894	7.03822e-05
895	2.17722e-05
896	4.27903e-06
897	6.33353e-06
898	6.03983e-06
899	5.79574e-06
900	1.46431e-05
901	5.67694e-06
902	5.63128e-05
903	9.04913e-06
904	3.877e-06
905	7.46794e-06
906	4.03912e-06
907	1.8809e-05
908	3.35046e-05
909	6.04582e-06
910	1.02199e-05
911	2.0523e-06
912	4.25257e-06
913	8.40868e-06
914	1.27871e-05
915	1.49702e-05
916	8.0409e-05
917	2.70522e-05
918	1.03513e-05
919	8.61877e-06
920	1.21896e-05
921	3.18917e-05
922	1.79793e-05
923	7.49871e-06
924	3.95838e-06
925	1.37919e-05
926	1.04641e-05
927	5.10666e-05
928	1.00704e-05
929	7.98482e-06
930	1.54341e-05
931	1.1249e-05
932	0.000123009
933	8.22697e-06
934	1.47221e-05
935	3.26607e-06
936	1.99148e-05
937	1.44646e-05
938	1.33532e-05
939	2.89269e-05
940	4.05388e-06
941	8.03687e-05
942	2.58854e-05
943	2.4359e-05
944	7.83516e-06
945	8.45348e-06
946	8.53934e-05
947	0.000391368
948	5.19103e-06
949	1.29708e-05
950	3.17378e-05
951	8.01221e-06
952	3.94066e-05
953	7.94067e-06
954	2.96099e-05
955	2.55005e-05
956	2.6189e-05
957	7.99026e-06
958	0.000214309
959	0.000106516
960	0.000161466
961	2.25291e-05
962	4.6783e-05
963	2.64109e-05
964	0.000155515
965	0.000122873
966	0.000105198
967	2.85952e-05
968	8.14816e-05
969	0.000526659
970	7.58457e-05
971	6.0816e-05
972	0.000191349
973	2.6269e-05
974	0.000232717
975	0.000111707
976	0.000185394
977	4.98789e-05
978	0.000268804
979	1.12897e-05
