0 0
1 1
2 2
3 3
4 4
5 4
6 5
7 6
8 7
9 8
10 9
11 10
12 11
13 12
14 13
15 14
16 15
17 4
18 16
19 17
20 18
21 19
22 20
23 21
24 18
25 22
26 23
27 24
28 25
29 26
30 22
31 27
32 28
33 29
34 30
35 5
36 28
37 28
38 31
39 32
40 28
41 33
42 28
43 34
44 35
45 36
46 37
47 38
48 39
49 40
50 40
51 40
52 40
53 40
54 41
55 41
56 41
57 42
58 43
59 44
60 45
61 46
62 47
63 48
64 49
65 50
66 44
67 51
68 52
69 53
70 54
71 55
72 56
73 48
74 57
75 57
76 58
77 58
78 59
79 60
80 61
81 62
82 63
83 64
84 65
85 66
86 67
87 68
88 68
89 68
90 68
91 68
92 68
93 68
94 68
95 68
96 68
97 68
98 68
99 68
100 68
101 68
102 68
103 68
104 68
105 68
106 68
107 68
108 68
109 68
110 69
111 68
112 68
113 68
114 70
115 68
116 68
117 68
118 68
119 71
120 72
121 68
122 73
123 73
124 73
125 73
126 73
127 73
128 73
129 73
130 73
131 73
132 74
133 75
134 76
135 77
136 78
137 79
138 80
139 81
140 82
141 83
142 84
143 85
144 86
145 87
146 88
147 89
148 90
149 91
150 91
151 92
152 93
153 93
154 94
155 95
156 96
157 97
158 98
159 99
160 99
161 99
162 99
163 100
164 99
165 99
166 101
167 100
168 102
169 103
170 104
171 105
172 106
173 107
174 108
175 109
176 110
177 111
178 112
179 113
180 113
181 114
182 115
183 116
184 117
185 118
186 119
187 120
188 121
189 122
190 122
191 122
192 123
193 124
194 125
195 126
196 127
197 128
198 129
199 130
200 131
201 123
202 132
203 133
204 133
205 133
206 133
207 133
208 133
209 133
210 133
211 133
212 133
213 133
214 133
215 134
216 135
217 136
218 133
219 137
220 138
221 138
222 139
223 140
224 141
225 142
226 142
227 143
228 144
229 144
230 145
231 146
232 147
233 148
234 149
235 150
236 151
237 151
238 152
239 153
240 154
241 155
242 151
243 156
244 156
245 156
246 156
247 156
248 156
249 156
250 156
251 157
252 157
253 158
254 159
255 160
256 161
257 162
258 163
259 164
260 165
261 166
262 167
263 168
264 156
265 169
266 170
267 156
268 171
269 172
270 173
271 174
272 175
273 176
274 177
275 178
276 179
277 180
278 181
279 182
280 183
281 184
282 185
283 186
284 187
285 188
286 189
287 190
288 191
289 192
290 189
291 193
292 187
293 194
294 194
295 195
296 196
297 190
298 197
299 198
300 196
301 195
302 199
303 200
304 201
305 202
306 203
307 204
308 205
309 206
310 207
311 208
312 208
313 209
314 210
315 210
316 211
317 212
318 201
319 213
320 214
321 215
322 215
323 213
324 216
325 217
326 217
327 217
328 217
329 217
330 217
331 217
332 217
333 217
334 217
335 217
336 217
337 217
338 217
339 217
340 217
341 217
342 217
343 217
344 217
345 217
346 217
347 217
348 217
349 217
350 217
351 217
352 217
353 217
354 217
355 217
356 217
357 218
358 219
359 218
360 220
361 220
362 220
363 220
364 221
365 222
366 223
367 222
368 222
369 224
370 218
371 218
372 225
373 218
374 226
375 227
376 228
377 229
378 230
379 230
380 231
381 232
382 233
383 233
384 233
385 233
386 233
387 233
388 234
389 232
390 235
391 236
392 237
393 238
394 238
395 238
396 238
397 238
398 238
399 238
400 239
401 239
402 239
403 239
404 239
405 239
406 239
407 239
408 240
409 239
410 241
411 241
412 241
413 241
414 241
415 241
416 242
417 243
418 241
419 244
420 245
421 246
422 247
423 248
424 249
425 249
426 250
427 251
428 251
429 251
430 251
431 251
432 251
433 251
434 251
435 251
436 252
437 251
438 251
439 251
440 253
441 254
442 254
443 254
444 254
445 254
446 254
447 254
448 254
449 254
450 254
451 254
452 254
453 254
454 254
455 253
456 253
457 253
458 254
459 254
460 254
461 254
462 254
463 254
464 255
465 254
466 253
467 254
468 254
469 254
470 254
471 256
472 254
473 254
474 254
475 254
476 254
477 254
478 254
479 254
480 254
481 254
482 254
483 254
484 254
485 254
486 254
487 254
488 254
489 254
490 254
491 254
492 254
493 254
494 254
495 254
496 254
497 254
498 254
499 254
500 254
501 257
502 257
503 257
504 257
505 257
506 257
507 257
508 257
509 257
510 257
511 257
512 257
513 257
514 257
515 257
516 257
517 257
518 257
519 257
520 257
521 257
522 257
523 257
524 257
525 257
526 257
527 257
528 258
529 258
530 258
531 258
532 258
533 258
534 259
535 258
536 260
537 258
538 258
539 258
540 261
541 258
542 258
543 260
544 262
545 263
546 264
547 263
548 263
549 263
550 263
551 262
552 262
553 262
554 265
555 266
556 267
557 267
558 268
559 268
560 268
561 269
562 270
563 271
564 269
565 269
566 269
567 269
568 269
569 271
570 272
571 273
572 262
573 262
574 274
575 271
576 271
577 275
578 268
579 268
580 263
581 263
582 276
583 263
584 263
585 277
586 278
587 278
588 279
589 280
590 281
591 282
592 282
593 283
594 284
595 285
596 286
597 286
598 286
599 287
600 287
601 287
602 288
603 289
604 289
605 290
606 289
607 289
608 291
609 291
610 291
611 291
612 292
613 293
614 294
615 295
616 296
617 292
618 292
619 297
620 298
621 299
622 300
623 300
624 301
625 302
626 303
627 303
628 303
629 303
630 303
631 303
632 303
633 303
634 303
635 303
636 303
637 303
638 303
639 303
640 303
641 303
642 303
643 303
644 303
645 303
646 303
647 303
648 303
649 303
650 303
651 303
652 303
653 304
654 304
655 304
656 304
657 304
658 304
659 304
660 304
661 304
662 304
663 304
664 304
665 304
666 304
667 304
668 304
669 305
670 306
671 306
672 306
673 306
674 306
675 306
676 306
677 306
678 306
679 307
680 308
681 308
682 309
683 308
684 308
685 309
686 309
687 308
688 310
689 310
690 311
691 312
692 313
693 313
694 313
695 313
696 313
697 313
698 313
699 313
700 313
701 314
702 315
703 316
704 317
705 318
706 319
707 320
708 321
709 322
710 323
711 324
712 325
713 326
714 327
715 328
716 329
717 330
718 331
719 332
720 333
721 334
722 335
723 331
724 336
725 337
726 338
727 339
728 340
729 340
730 341
731 340
732 340
733 342
734 343
735 343
736 343
737 344
738 319
739 319
740 331
741 345
742 346
743 347
744 345
745 345
746 345
747 347
748 345
749 345
750 347
751 345
752 346
753 345
754 348
755 349
756 350
757 351
758 352
759 353
760 354
761 355
762 356
763 357
764 358
765 359
766 360
767 361
768 362
769 361
770 361
771 361
772 362
773 363
774 364
775 365
776 345
777 345
778 345
779 356
780 356
781 356
782 356
783 356
784 362
785 361
786 362
787 362
788 347
789 347
790 347
791 366
792 366
793 366
794 366
795 366
796 366
797 366
798 366
799 366
800 366
801 366
802 366
803 366
804 366
805 366
806 367
807 367
808 368
809 369
810 370
811 371
812 372
813 373
814 374
815 375
816 375
817 375
818 375
819 375
820 375
821 375
822 375
823 375
824 375
825 376
826 377
827 378
828 379
829 380
830 381
831 382
832 382
833 383
834 384
835 385
836 385
837 385
838 385
839 385
840 385
841 385
842 385
843 385
844 385
845 385
846 385
847 385
848 386
849 387
850 388
851 387
852 389
853 390
854 391
855 391
856 391
857 391
858 391
859 390
860 390
861 392
862 393
863 393
864 394
865 394
866 394
867 394
868 395
869 396
870 397
871 398
872 398
873 399
874 400
875 400
876 400
877 401
878 402
879 403
880 403
881 403
882 403
883 403
884 403
885 403
886 403
887 403
888 403
889 403
890 404
891 405
892 406
893 407
894 408
895 408
896 408
897 409
898 409
899 409
900 409
901 409
902 408
903 408
904 410
905 410
906 410
907 411
908 411
909 411
910 411
911 412
912 413
913 414
914 413
915 415
916 416
917 417
918 418
919 418
920 418
921 419
922 419
923 420
924 420
925 421
926 422
927 423
928 424
929 424
930 424
931 425
932 426
933 427
934 428
935 429
936 430
937 430
938 430
939 430
940 430
941 431
942 432
943 433
944 430
945 430
946 434
947 435
948 436
949 437
950 437
951 437
952 437
953 438
954 439
955 440
956 431
957 441
958 442
959 442
960 442
961 442
962 442
963 442
964 443
965 443
966 444
967 445
968 446
969 446
970 442
971 442
972 443
973 443
974 443
975 443
976 447
977 448
978 448
979 448
