0 27126 15.83829307317254
1 5309 138.02629046929948
2 3325 86.0366646486393
3 13854 173.48990381422615
4 18733 142.99879806392926
5 22380 97.41210731478293
6 1959 0.6505393075180271
7 4118 77.00957687834847
8 31008 56.69164953660017
9 9228 107.27195763069173
10 7604 121.73881809491009
11 24632 202.72367362319827
12 2060 23.309497186859552
13 9410 193.02924222042728
14 9223 276.50260348696594
15 3869 123.17335215452735
16 12307 214.06898873662735
17 16570 187.57180226317652
18 4416 72.15185321321952
19 2377 118.3413722380181
20 21363 396.0423893855879
21 283 22.00166255596551
22 2449 61.68151628501754
23 13429 102.20219128428394
24 6860 7.75017876530702
25 32770 17.20499631658525
26 7312 276.90207638027664
27 50815 101.09094096188862
28 3671 105.61530632574359
29 324 26.812644305687904
30 38920 16.48705322186821
31 433 0.492427378041906
32 20165 15.543376262747163
33 4524 38.14961266229805
34 28996 33.30109676183828
35 4690 40.10002015453353
36 29729 47.611142213786316
37 24546 65.77319354375388
38 5518 135.05029135270124
39 15472 133.41925754096158
40 28242 125.93008307374397
41 2724 57.88032106712463
42 7302 49.79837319709589
43 2635 162.41018761476886
44 15616 132.85332943627537
45 2565 62.95073645128858
46 7600 264.63350911278354
47 7713 53.112980832343624
48 6627 81.69956463118749
49 32084 16.907177562212645
50 24170 11.303722256628216
51 16961 4.235674451001318
52 20189 7.86383064323078
53 5986 45.12483918844411
54 29413 15.826669081092268
55 16910 33.41485018463406
56 20104 7.434638307204512
57 5474 92.37353686580788
58 4701 33.64846864155355
59 7265 7.50353708202509
60 137 0.3530888946203612
61 8084 240.469410282982
62 7080 18.74296907939342
63 37821 59.049418375683594
64 1129 12.147853966890967
65 1741 27.47886901406493
66 17603 23.51944063061296
67 5456 92.41438415930885
68 593 17.0554732299918
69 11201 84.68864064235046
70 407 1.576104213610256
71 28867 31.75703632603703
72 45180 23.228513027859588
73 41616 33.30301067031971
74 23642 164.15622388984042
75 9816 14.645300287105577
76 47552 123.61749320846275
77 14339 5.261271480794505
78 27132 238.57446443767307
79 8156 68.91664517364559
80 4218 107.09130196742224
81 2551 25.061469396769407
82 1713 23.773084662940523
83 5807 24.412074882200226
84 1170 31.655798405243576
85 825 7.9163984543557735
86 3328 21.17914947868484
87 7915 1.9852713603306271
88 6906 2.7151330430874583
89 28225 7.589553696773884
90 17669 6.165031266554131
91 33306 11.529855350681162
92 30879 11.62193454178166
93 34305 9.337561023448757
94 59080 20.160168695762298
95 30501 8.269706268909355
96 1959 5.292361200129113
97 34876 12.584314676361435
98 18817 5.282524861119048
99 53473 96.75283900929271
100 11886 53.44089702346111
101 12946 61.41520501253288
102 27918 35.89921459095564
103 8691 11.562660908081428
104 23980 11.527086225882128
105 38934 21.161981831576053
106 52485 26.442702051129196
107 15761 85.64862887395617
108 2149 1.1054900640466288
109 314 0.12942029075038186
110 23673 10.203950751895375
111 6606 129.48634395217275
112 57369 23.579481063232727
113 48789 18.858256872232612
114 25356 8.605648365938375
115 13570 12.398506865668876
116 38483 63.52676305836166
117 36430 12.245644767466104
118 26759 18.68044600978846
119 36917 54.75730505315082
120 7037 2.3370895926930935
121 29517 7.162506158329691
122 29321 10.338776859197804
123 47359 35.517224790230685
124 46145 15.664287247662923
125 20073 89.64339525897417
126 21586 14.764597364929877
127 30159 111.09201007881117
128 17402 105.47613463846164
129 17493 45.99244243602673
130 31869 104.26434871512919
131 14067 38.41044784763481
132 3858 39.90553971678633
133 6460 406.6624351155295
134 4007 71.86943993562905
135 217 7.724821504964502
136 5445 69.95424650616143
137 26953 231.19629975119577
138 3149 112.07705363885856
139 804 3.3684291201349197
140 4242 291.4603496232415
141 1642 4.486111904765582
142 11330 105.91283318687191
143 1904 165.31926943290856
144 1391 181.10862830252495
145 11808 233.4921065271345
146 3044 26.477943913253654
147 13193 514.9195401677537
148 1693 33.051984796840756
149 8057 105.78588549445017
150 12442 318.59053285188963
151 1417 51.20963031488949
152 17486 209.56760456033
153 6638 96.60791941893167
154 312 3.421667204635697
155 129 39.05617323323506
156 2145 156.50977301825336
157 1721 156.554160868699
158 252 2.2927774182737526
159 22647 10.69854261873028
160 2995 44.22017129036891
161 38425 128.9278239899181
162 29980 19.005321260175723
163 9347 13.878534958463128
164 15352 10.55778019048737
165 8691 75.63609599735597
166 740 20.05555315314202
167 13128 72.99046829560601
168 2144 52.36721212607935
169 4497 137.22902306883276
170 1264 65.41425790389762
171 7994 156.5567747804237
172 14268 268.3505564504546
173 942 48.50810853177698
174 1475 46.49086405033537
175 17412 281.3340015474975
176 1199 83.1117229114575
177 4983 106.19255185738312
178 89 0.12926160275646065
179 16025 259.1411701521397
180 6651 129.25553091365674
181 679 35.18232864399372
182 4060 62.84397109175796
183 7715 102.7699649573666
184 7563 104.47961264685397
185 3699 93.63827322752074
186 2921 59.00919849821698
187 18985 9.370790134934989
188 2644 26.040304819945113
189 11075 162.89809064752424
190 78 0.38861454184343713
191 8684 185.1917696143766
192 478 49.99438761878434
193 4736 232.04330058672087
194 6966 82.01211356963816
195 11457 54.75215136131905
196 5856 74.13980412264458
197 13 0.5974935019003949
198 3412 153.60764065316133
199 114 0.08416486871753846
200 3994 170.3725913015813
201 9232 236.4227988701106
202 5641 113.50443940280805
203 11730 3.805050448110184
204 3298 2.302846190793162
205 32011 12.30940722505278
206 21441 10.701293982829265
207 28213 13.551418771052221
208 33846 32.46358670387662
209 28996 25.19512947550336
210 5852 8.086676463365853
211 660 1.2777480050100618
212 1145 0.24289726438886974
213 37399 19.59192745294573
214 36297 58.16712780136433
215 38 0.049159687226350085
216 5296 217.41459226838117
217 26493 74.90964823003041
218 14029 9.717018380007937
219 6326 71.68578078354031
220 19709 46.49769921713923
221 25079 121.62418049813358
222 15565 11.618281243001897
223 3457 16.228891407991078
224 1818 9.498368718310664
225 32485 34.942408999578376
226 19343 12.948015203159242
227 5867 6.715672813928095
228 7899 12.03784303247737
229 22406 16.628722604120174
230 2881 91.18803716465095
231 5719 231.03034029501296
232 33671 40.240611539512926
233 3510 139.61155959023748
234 3122 156.05145081753275
235 11235 4.042295948861539
236 28817 319.5637960484759
237 28881 104.01156877946924
238 4625 66.39892346991569
239 30108 24.07866136831522
240 9997 4.367848808565909
241 3662 12.513424772624429
242 25586 144.49868068886806
243 18585 4.544122984353596
244 6741 1.3673920496928944
245 22925 9.997608869230282
246 21833 17.082245168703484
247 29750 11.838823963663152
248 45842 38.98064740068294
249 18756 112.30655006895785
250 5458 0.8164250181854125
251 14295 138.57977874800963
252 872 0.6416215055822653
253 4109 29.54861026383134
254 7732 90.9037910600358
255 4730 118.21109441433705
256 5584 73.3701522941419
257 1294 60.84026335257152
258 1838 84.7376478192177
259 8133 204.15477832329725
260 4850 103.53404340097329
261 291 1.860830243228926
262 397 56.87019129046158
263 10510 208.95510596960295
264 14291 49.61920711601753
265 10936 117.18035488967516
266 437 60.06549682855673
267 12844 39.12906970997549
268 14014 56.62368397073654
269 308 3.001336299627643
270 510 1.416276832170651
271 5916 54.99746910024294
272 3794 93.08175481894125
273 5082 121.45246966395212
274 11623 103.53915732428104
275 10223 249.87778167311973
276 136 0.36819900323862503
277 151 8.198470417623557
278 5003 73.92634676299659
279 295 5.190432928646774
280 12154 205.45991255557942
281 2142 26.740945903996465
282 12071 146.87271794309473
283 253 0.4589345587701565
284 21577 5.621099402777156
285 2705 56.88676434022088
286 46207 50.84949698608642
287 35335 9.710059274405905
288 42012 18.438574618878544
289 2566 116.67746916201928
290 41769 59.70646543536109
291 19491 20.676747537054226
292 34862 8.559301433056833
293 29700 62.80873888218787
294 31826 94.7465324163664
295 44905 22.911786849977684
296 20029 12.221833846334423
297 5354 1.1885468195219437
298 5589 56.083676063364
299 3903 3.790134548885941
300 9736 105.40406905360179
301 43830 25.808506448678525
302 3588 13.432980384465102
303 40571 21.97309524214012
304 22713 10.318123867755371
305 19928 7.0335878004067975
306 11313 138.3856044892872
307 23746 36.3827840128989
308 2871 40.9090617408266
309 21263 16.803511830942846
310 3120 90.9490457098643
311 56349 39.15084316992974
312 15698 43.83425096950256
313 2622 63.23483660928159
314 49481 36.27306921885352
315 28787 27.660391090615093
316 10262 43.14792153477159
317 18617 25.098257598104702
318 27556 18.878203682796986
319 34628 63.773742967148884
320 11432 91.69224760886922
321 24557 7.787576621976627
322 46914 12.268545259669157
323 20139 14.648928489243966
324 2550 3.0871312917279927
325 12050 2.2927527077345533
326 19020 6.952060009544446
327 17312 7.333800774366522
328 21810 6.6501339002342865
329 24820 6.651528501290353
330 31465 8.079471796780526
331 46334 11.98935323252463
332 26773 10.358299729574037
333 32210 9.249305016085017
334 35825 8.251797691726757
335 32844 8.621914464468562
336 6151 1.3045261213565469
337 35105 11.220642721124577
338 43911 11.564288328749013
339 24976 20.62403262100056
340 7974 15.073965207560807
341 21423 11.149252042866609
342 53029 13.631174352931366
343 37401 30.7311234646647
344 53024 28.742014248714664
345 29347 9.597470335769895
346 6362 23.356413620449207
347 57881 21.009410854413225
348 17822 9.755700412511564
349 26 20.41020691987762
350 2542 9.839024350691972
351 13787 56.19701790124124
352 9241 34.852052596382684
353 39633 9.359968849276521
354 16647 15.528804380560837
355 51219 22.400905332379917
356 50279 7.487027353022485
357 24521 12.560069776385065
358 12869 3.694697041067372
359 26710 19.172297323385283
360 22084 9.497823155937402
361 41870 17.747311184453363
362 10892 19.276889699875056
363 30120 43.42942013630951
364 9848 3.8919740168680317
365 14916 5.496619675457956
366 1222 3.0958324903435845
367 22752 50.69439279255348
368 28092 21.950568496842457
369 13567 5.200070425036718
370 17338 24.249923551769353
371 39082 12.885138463961995
372 24969 6.708212161600748
373 31999 130.0756725513786
374 6773 264.6062761680749
375 2248 16.277309006837097
376 3982 17.856179256428987
377 10673 8.135694837196157
378 19881 12.376078576425837
379 22754 32.258048685939855
380 36374 22.110522133693284
381 25366 27.91206214082845
382 20037 11.36418894604917
383 22716 12.255427438273845
384 14911 17.366952665417756
385 15626 290.88957902507656
386 19518 41.650716142314174
387 12830 26.29746933190424
388 303 1.0971799869343024
389 9079 25.6548177057191
390 315 1.9525831779915583
391 15588 5.714620685501245
392 39341 5.093591939422113
393 46187 4.316109572708445
394 72248 5.858795870868899
395 33852 3.8125435330202304
396 40654 6.1713274347217055
397 63544 5.8406482964399835
398 45342 4.385307962816817
399 46117 19.660941286214452
400 15107 3.9029192413246703
401 41329 6.052468968968196
402 45921 8.707002503486503
403 63576 9.636989437788902
404 63916 10.72111801290199
405 59039 10.610007845596195
406 28498 4.539490144355881
407 57663 13.33639538098246
408 26696 5.749670654844733
409 45235 17.347738676781514
410 34110 18.371289751149426
411 5859 21.35026417110813
412 34088 18.824521194692792
413 49028 16.834988424656792
414 18613 279.74594361054955
415 13497 20.778230246626624
416 3035 5.875927610475415
417 11612 33.81322152843951
418 122 0.3033307490227754
419 32891 18.515000455600568
420 5829 25.514701612517122
421 4313 14.83478224609535
422 8922 9.089577635108734
423 796 0.43676418578001136
424 29061 8.768869971598324
425 43194 6.004931683081157
426 35059 6.0783795137274765
427 32154 7.031714046551567
428 23948 3.8025809385989433
429 51019 8.810073251304638
430 52969 10.465803316463242
431 51921 8.291705212533802
432 15760 3.0569512291176637
433 26458 10.353170362179284
434 49824 5.920717779387394
435 25700 9.378164686477312
436 5344 4.365381615667717
437 36964 7.473054701411744
438 29168 7.979767087723959
439 29751 10.61280554195618
440 594 0.313725005675702
441 52677 3.904942416721622
442 46867 5.020964961999824
443 28909 3.3015647176743674
444 7562 0.39706554624963514
445 13833 1.350709733018068
446 26108 1.102590822814623
447 14917 0.4065022695085846
448 11165 1.7414544005609291
449 31926 4.179895428086925
450 37456 5.21590138641569
451 36066 2.156320801486339
452 13791 1.4272888523035627
453 19410 2.0231649721929212
454 27571 4.217683634055447
455 38613 2.695151483327336
456 21210 3.0505670296541916
457 35249 2.3228559360120586
458 52606 7.07657873318332
459 31407 7.895747007322042
460 26903 3.103389282112504
461 29758 2.5375260425917032
462 14995 3.1226870549207177
463 46933 7.254631295589014
464 12389 4.708678186925963
465 27811 3.493926612787395
466 13971 1.7651016143704141
467 43788 7.383004477240821
468 31315 13.579425464519527
469 63226 14.811887545424922
470 6694 2.7924418954836856
471 40053 4.247450567338536
472 53710 5.4667620081637445
473 43539 5.191378492873326
474 56149 7.628889400259769
475 23038 9.560613794349626
476 18846 4.143124987451679
477 25792 3.6827043214099833
478 39353 6.898386015688104
479 12253 13.170751756378793
480 37664 6.586879553109899
481 33141 5.070027737580252
482 32524 3.0948328718125335
483 53206 7.688254540175476
484 50170 12.296001371434926
485 53191 12.535879316815368
486 39489 56.37384651975221
487 41332 5.076308075558651
488 30840 3.4047914507712003
489 18413 3.214881690571539
490 16929 15.404058628843067
491 35949 5.770725192549155
492 21075 2.4391418029736047
493 27189 4.5849467256218945
494 67137 12.618137999094976
495 16315 39.59329772956477
496 23828 5.555506048676674
497 11593 1.7790279337201562
498 46044 7.5357136789822965
499 7742 88.81474470151986
500 43620 24.483855137552762
501 14586 2.486531211727622
502 17724 3.1768857616328723
503 11927 2.1842498884164714
504 3397 0.846025927533255
505 28217 4.548048099064552
506 33705 9.563476741977183
507 63786 10.347213577823526
508 49343 11.113022917480698
509 56039 6.431953352679626
510 21885 8.372974314938912
511 12153 5.2337736699938375
512 10044 4.921466431504702
513 35372 9.5982962083222
514 44420 6.959880122996709
515 44327 8.224299494823914
516 37858 5.437827511169936
517 18929 5.994035879702918
518 42847 9.103909361742216
519 27570 9.38721685196997
520 31257 8.992839735164797
521 22658 11.223977485609971
522 27415 9.399692585448273
523 14107 10.263252957156558
524 23204 12.401412670637857
525 11199 30.503539784740315
526 28749 4.786656154391449
527 32890 5.537428744843606
528 24879 5.201764641380578
529 12042 3.213184771512455
530 27489 7.488167126643058
531 19155 4.478944690091228
532 26312 8.658532780846862
533 29659 9.680438673847137
534 16921 6.809172474930386
535 29140 6.188542958500194
536 32570 11.264143694874262
537 65245 41.77446690872699
538 14414 46.51958348841771
539 15162 7.189551843483445
540 53718 27.90256171071063
541 44963 7.381770880791725
542 29156 6.654062489864818
543 36017 46.35931826711166
544 20082 6.147025777725611
545 38548 8.975263205852691
546 21427 113.73868295914885
547 18290 8.860847617826801
548 18715 4.607234473673237
549 41722 9.489984123478564
550 19260 6.706244584916996
551 32104 6.41193202439548
552 41896 11.729363610951093
553 35938 10.822637402181014
554 459 21.094839821651682
555 19743 657.8229096042144
556 26838 4.7761379589403505
557 28075 6.67951357303586
558 20221 5.023410533176215
559 29754 8.062688321335852
560 22088 21.342420891525364
561 10817 18.554043879739982
562 19980 49.023019025570775
563 49396 21.61591636718008
564 30790 4.655588751762556
565 40748 7.2038449598994285
566 30879 8.666868726804912
567 53766 10.757388837322798
568 48808 18.41961507157562
569 14449 11.427720514535203
570 26551 78.31212036503644
571 6818 265.1902781016746
572 19100 12.974413008863362
573 6265 7.095512025538342
574 7669 26.270467662398435
575 13074 6.2531594740979495
576 12704 53.452808661661756
577 9549 3.967106025201661
578 12093 3.8805646975970545
579 23443 6.135820320403029
580 21720 5.400754366429497
581 16421 6.434914370259631
582 4926 62.166157912700754
583 20969 9.209709079733187
584 14557 7.4007346752185725
585 108 0.6461968163559059
586 27610 7.450377762368011
587 52003 15.901057070534689
588 12086 90.46615235282944
589 1811 54.085108502433215
590 599 1.8949620616002854
591 18313 118.43229659751319
592 18439 115.92499347487325
593 15203 31.086581482230805
594 12839 12.382546946163457
595 4789 96.63237976392169
596 8752 35.04267085407346
597 19759 24.621686664185315
598 20824 10.443828697275817
599 21898 20.557584822786822
600 22800 34.31441805907981
601 13996 29.484848964551187
602 19813 144.5192220967819
603 5807 7.8174949073123114
604 16132 11.812963226084445
605 22015 36.660575647454735
606 20064 17.370722567054365
607 15427 12.642331933584249
608 25488 14.765298140377485
609 17975 87.56761073796481
610 19522 22.948611731019604
611 11505 42.127425300812206
612 23074 14.522292381277442
613 20758 39.49016829421603
614 14117 15.578135497152882
615 19172 17.647689101262245
616 3784 15.859405912305386
617 36693 21.540928374957723
618 25723 21.333472201415606
619 25392 21.427837503494224
620 1058 17.169543642673247
621 10091 49.00426372631842
622 32677 10.354480406859027
623 29283 11.659309232320767
624 8026 132.1604544113718
625 13665 108.22621494771404
626 11515 2.5485604566507645
627 19100 4.137002565262851
628 35485 7.4461665459453865
629 17073 7.824813474039262
630 17746 3.282166944402831
631 23541 9.05582149415364
632 15999 4.384046567011121
633 39222 17.853397390258177
634 29478 6.378978589862192
635 44601 10.21989715782467
636 31990 7.344856037943033
637 46449 9.772722112998206
638 43453 8.617873905207283
639 13560 3.8012651023865747
640 41443 8.595495037042642
641 25570 8.669987274072312
642 34581 26.560293329544383
643 5158 0.8868585491515791
644 1643 8.329876045757741
645 37457 8.98140724976332
646 24645 9.143595259900819
647 27557 13.698850342163748
648 23638 4.813968636148121
649 20225 8.20480982923473
650 15741 5.66528261907005
651 15351 7.765549106791228
652 55034 33.933536371597086
653 15014 2.6675216255828214
654 29664 9.977690630226858
655 23680 5.027520976931167
656 16098 3.444900516913592
657 26435 6.057031538370062
658 15901 3.6567625023745283
659 24599 5.266657220033452
660 15447 3.4145521137549673
661 26023 5.138171296546548
662 32780 7.936544879744616
663 19162 4.767154133532665
664 25066 5.842098882311424
665 29812 6.552961249241309
666 18531 3.706097866090499
667 7407 3.6780170410055955
668 15424 7.319783721005657
669 148 0.5768532518297382
670 26146 5.391290616018298
671 31275 7.230010332094203
672 17820 5.412477200666567
673 15133 5.099190807061654
674 18167 5.320865193197807
675 8499 7.3172018557614935
676 17887 3.4853628665460996
677 24045 6.680517438690836
678 13275 4.102622869295147
679 8007 1.9888428054492917
680 25281 5.182990423121652
681 29839 5.87972029214035
682 22981 5.194841057178643
683 16826 4.996535119081633
684 17712 4.5958931083850585
685 12402 3.4480854737550906
686 17140 5.716983630812189
687 14263 3.7312292566606486
688 25922 6.66361542987844
689 20850 5.380061606463041
690 5533 1.1785622172766823
691 1669 0.5376557729225
692 33741 19.101882325323515
693 27094 15.580849023238718
694 23153 26.869185494295728
695 28929 88.36479087933998
696 44254 56.060623446904
697 20980 27.81507481887947
698 13166 9.780698211729167
699 31698 15.424595789633003
700 14267 7.414891111464609
701 28874 31.096512030171567
702 24942 126.15628219126884
703 3036 30.11349280382766
704 27542 127.28571715390187
705 7448 179.96511605459176
706 20234 51.367644174413165
707 3515 5.859463827631634
708 2756 2.876941128684766
709 8722 159.0735161707313
710 11093 101.60129853883493
711 33804 100.05546898286788
712 227 1.0794443835261012
713 851 13.177550243476032
714 856 22.38137898708411
715 7519 18.398406865205555
716 907 1.8952883179381526
717 21790 333.69291595173416
718 11161 8.165154819250128
719 194 0.14094351016298146
720 43 0.6606918642094095
721 487 0.10982367485872521
722 1728 184.6338446355736
723 10582 45.02292520274225
724 22886 116.83378764689257
725 786 173.1538219482098
726 106 4.373950767339463
727 11720 166.5624732624244
728 20601 55.35073367135292
729 14158 19.42104171911221
730 14742 119.30481145086387
731 11108 75.23970999093432
732 4968 34.24536909051316
733 276 2.28890442735642
734 37798 42.822946283921006
735 29345 21.844610090857564
736 28763 19.978512641757412
737 5060 241.28609090080727
738 6633 11.541624903281406
739 14117 35.327085685339085
740 15355 304.91469149664016
741 19500 6.2306211457350384
742 20776 12.56779876972403
743 30613 9.725393708387838
744 31203 41.74881466632278
745 22138 7.022709371626433
746 38251 32.33394170166039
747 23119 18.046533420232063
748 15392 21.289495935888507
749 17103 100.63019558391777
750 35848 22.274366522161493
751 20134 10.241348222462808
752 28666 55.29978015342156
753 27837 8.996751336299628
754 4947 61.34590353314378
755 1720 2.7692294327232405
756 4055 16.27089662191485
757 761 7.160156340492697
758 20830 71.57542544598662
759 1075 116.82545478975192
760 10005 10.926052553139243
761 20383 340.86475921896164
762 18994 19.72084194984687
763 298 54.50338302725727
764 57 0.13333652511131325
765 2125 9.131912966392122
766 8180 14.480703771600487
767 15958 12.982104164189177
768 20699 22.467336528200132
769 28382 11.040951927190397
770 5522 16.166094591944056
771 9290 8.495514264930957
772 10060 54.10232209570083
773 3776 16.345751408886837
774 6469 16.224790230688328
775 854 215.29030327553642
776 1648 1.610789316398377
777 8251 8.772497401532362
778 22799 7.611150321931993
779 19730 16.834898076747844
780 10880 25.028003604649907
781 10798 3.979118436069974
782 11982 22.759873790921038
783 12534 9.264274197409408
784 10322 9.210167769117078
785 9534 24.27651247805009
786 9176 438.46078360208617
787 13954 10.653055921494618
788 28173 9.389516476524216
789 18010 14.144464375896723
790 20628 61.05838405428906
791 10 3.7042986299550424
792 10460 5.658910774876177
793 12150 3.4395696041834944
794 23691 9.961139974393705
795 13933 9.93843523599337
796 16874 7.765506635551979
797 23338 12.569100706258098
798 20762 15.567568652827735
799 27002 16.07988762882299
800 17971 28.099247950183553
801 13653 201.9102150280233
802 30005 9.55924313162841
803 14250 71.0898683700465
804 25756 22.504675311236962
805 26147 149.821075232781
806 14112 11.529672724352391
807 37315 36.172203886658934
808 227 9.846781529489713
809 359 0.6659922748676828
810 561 3.431005085737849
811 273 1.330837440173468
812 232 1119.372268134061
813 27304 589.1198936056846
814 16407 16.302028812488707
815 3682 3.421513149867876
816 19816 23.55183190037946
817 34862 15.757264898524626
818 29656 6.485564411881445
819 29728 6.22303964342692
820 33121 16.178068006492694
821 31816 12.593298115666945
822 15916 8.993917732437371
823 2775 36.245433569576385
824 15146 20.17950121776626
825 768 0.4411754031292809
826 1503 0.767906646671722
827 5007 2.19162019283487
828 17135 142.0515288101721
829 39457 55.20641369766964
830 11952 5.256112769634454
831 16875 28.783199381618758
832 15394 12.959716801776688
833 6888 4.078150941239882
834 7192 6.005727439663813
835 30268 9.432462621448439
836 30969 10.998619298622232
837 16653 6.150326951321782
838 19788 6.699416754054459
839 13640 6.579116196677359
840 12394 3.5269738701492055
841 16304 3.9063829639365126
842 17500 13.23700071197241
843 15038 4.46064769412059
844 11501 68.31532771580409
845 13590 68.8688584657535
846 8865 3.575440503971447
847 26115 17.469480553577853
848 6351 293.60827965226093
849 31055 648.4574055941572
850 220 0.1374685905880645
851 3615 53.980848946018284
852 16245 26.055337708128377
853 17599 8.255788443807461
854 17970 14.859061509165294
855 23859 15.602247191878881
856 10856 19.338923964126476
857 2199 3.342581510030162
858 7125 13.22740143969779
859 13516 29.857219415688412
860 33001 45.64219023408603
861 16287 25.152800321854773
862 9109 67.96053147736592
863 8563 40.41471041564672
864 7815 109.30608636024569
865 12273 108.1728050477454
866 6647 33.42565525400118
867 8191 24.541918340934398
868 7938 56.549367410196496
869 14568 43.821109595874574
870 44 0.060179043300586724
871 16326 31.223740418874527
872 10797 72.89301765104703
873 2809 102.64652230048942
874 10293 25.79054381719143
875 11919 34.62521332145168
876 10112 20.518132902546267
877 10562 48.136893684449504
878 15870 25.003468741940118
879 17838 11.632171654849365
880 25152 19.736691830232417
881 25968 36.70357198566171
882 17029 38.29712763147938
883 16062 19.749522391609535
884 12177 29.300886722255083
885 20862 37.24905713848867
886 13032 17.40299491735097
887 19068 33.717116449960386
888 17536 66.24209996339751
889 22500 91.05429021292763
890 3069 32.79683766874596
891 10291 95.95312680985394
892 27454 43.19890594087695
893 513 7.486739320799942
894 22336 121.75110772714005
895 7346 66.7007005437863
896 10003 35.46999522777712
897 26208 11.643933099303934
898 8133 25.678103527892794
899 31099 15.332773742581047
900 37129 22.241819267116295
901 12907 67.49187447972731
902 17814 53.5104888516858
903 6692 75.46707783974288
904 6297 14.040790150379076
905 20048 47.78198895130016
906 24092 26.78367312898747
907 24147 8.55184425564906
908 30756 10.801068190277329
909 21716 26.972765510882677
910 38464 46.62334072590298
911 297 2.671094615110186
912 32144 32.2750719308352
913 42619 15.525212085924723
914 12648 19.47004812377509
915 20842 9.92928152562869
916 99 0.13205234927729395
917 1294 0.5637736545497508
918 31268 10.537829132799072
919 25847 6.553827276419813
920 17286 13.024955714080528
921 7274 15.501358693553792
922 26132 10.622293616804402
923 13137 3.7334979930408942
924 21079 8.176398886790208
925 17496 5.299100227491402
926 37240 10.213948867716761
927 2500 17.78943415954051
928 51847 42.0176738270602
929 14685 108.33186447195894
930 15455 33.54896007240188
931 10815 17.103315922699256
932 3835 2.229369016381543
933 13961 126.36937159554407
934 2523 19.634093285374295
935 793 349.33279883922245
936 40828 14.9372151531204
937 33632 6.923562580212727
938 44142 33.27976693328309
939 35022 42.76792904059787
940 13692 44.28983184478075
941 38246 43.43113288555777
942 5353 5.445894730014193
943 3006 8.720588666820078
944 30879 32.87874770076155
945 30170 73.42677533641083
946 875 0.5212402528505924
947 37500 15.802253910056725
948 622 9.13704735311515
949 21399 9.112754190366905
950 14280 83.23715322233153
951 22770 96.67502629355812
952 2983 375.8129597511649
953 17406 76.2492745140132
954 28092 19.4665156749761
955 46083 69.08234632747333
956 17519 36.631108329459444
957 1293 4.707587834383789
958 5514 244.42706529914423
959 6025 14.626650007644823
960 12186 9.627190164587635
961 7103 9.387235770976545
962 15436 5.122240334704253
963 14115 24.778942605139484
964 38285 23.278156115009025
965 61494 23.8032840306596
966 9874 208.15590033621777
967 22257 16.448046477435415
968 20180 909.8683464942694
969 23661 401.6302311053179
970 4239 10.325867919079162
971 24544 16.814408406525434
972 38480 14.955515624010614
973 13764 9.784038767747186
974 23297 19.462933032894362
975 6118 102.34431549489804
976 27707 92.50585716999461
977 15967 6.700641856255705
978 10649 6.620370827972948
979 40405 98.28899863628712
