0 0
1 1
2 2
3 3
4 3
5 4
6 3
7 2
8 5
9 6
10 6
11 7
12 8
13 8
14 8
15 7
16 9
17 10
18 10
19 11
20 11
21 12
22 12
23 12
24 12
25 12
26 13
27 14
28 14
29 14
30 15
31 16
32 17
33 11
34 11
35 11
36 11
37 18
38 19
39 20
40 20
41 20
42 8
43 8
44 21
45 16
46 22
47 23
48 23
49 23
50 9
51 24
52 25
53 25
54 8
55 8
56 26
57 27
58 28
59 29
60 30
61 31
62 32
63 32
64 33
65 34
66 35
67 36
68 37
69 38
70 39
71 40
72 41
73 42
74 43
75 44
76 35
77 45
78 46
79 47
80 48
81 49
82 43
83 50
84 51
85 52
86 52
87 53
88 54
89 55
90 56
91 50
92 57
93 58
94 59
95 60
96 60
97 61
98 62
99 63
100 64
101 63
102 65
103 66
104 67
105 68
106 52
107 69
108 70
109 71
110 71
111 71
112 71
113 71
114 71
115 71
116 71
117 71
118 71
119 71
120 71
121 71
122 71
123 71
124 71
125 71
126 71
127 71
128 71
129 71
130 71
131 71
132 71
133 71
134 71
135 71
136 71
137 71
138 71
139 71
140 71
141 71
142 71
143 71
144 71
145 71
146 71
147 71
148 71
149 71
150 71
151 71
152 71
153 71
154 71
155 71
156 72
157 72
158 73
159 74
160 75
161 76
162 77
163 78
164 79
165 80
166 81
167 82
168 83
169 84
170 85
171 86
172 87
173 88
174 89
175 90
176 91
177 92
178 93
179 94
180 95
181 96
182 97
183 98
184 99
185 100
186 101
187 102
188 103
189 104
190 105
191 106
192 107
193 108
194 109
195 110
196 111
197 112
198 113
199 114
200 114
201 115
202 116
203 117
204 118
205 119
206 120
207 121
208 122
209 123
210 124
211 125
212 126
213 127
214 128
215 129
216 130
217 131
218 132
219 133
220 134
221 135
222 136
223 137
224 138
225 139
226 140
227 141
228 142
229 142
230 143
231 144
232 145
233 146
234 147
235 148
236 149
237 150
238 151
239 152
240 153
241 154
242 155
243 156
244 157
245 158
246 159
247 160
248 161
249 162
250 163
251 164
252 164
253 164
254 164
255 164
256 165
257 166
258 167
259 168
260 169
261 170
262 171
263 172
264 173
265 174
266 174
267 175
268 176
269 177
270 178
271 178
272 179
273 180
274 181
275 182
276 183
277 184
278 185
279 186
280 186
281 187
282 188
283 189
284 190
285 191
286 192
287 193
288 194
289 195
290 195
291 195
292 195
293 195
294 195
295 195
296 195
297 195
298 196
299 197
300 197
301 198
302 199
303 200
304 201
305 202
306 203
307 204
308 205
309 206
310 207
311 208
312 209
313 210
314 211
315 212
316 213
317 214
318 215
319 216
320 217
321 218
322 219
323 220
324 221
325 222
326 223
327 224
328 224
329 225
330 226
331 227
332 228
333 229
334 230
335 231
336 232
337 233
338 234
339 235
340 236
341 237
342 238
343 239
344 240
345 241
346 242
347 243
348 244
349 245
350 246
351 247
352 248
353 249
354 249
355 250
356 251
357 252
358 253
359 254
360 255
361 256
362 257
363 258
364 259
365 260
366 261
367 262
368 263
369 264
370 265
371 266
372 267
373 268
374 269
375 270
376 271
377 272
378 273
379 274
380 275
381 276
382 276
383 276
384 276
385 277
386 278
387 279
388 280
389 281
390 282
391 283
392 284
393 285
394 286
395 287
396 288
397 289
398 289
399 289
400 290
401 291
402 289
403 289
404 289
405 289
406 289
407 289
408 289
409 289
410 289
411 292
412 293
413 293
414 294
415 295
416 296
417 296
418 297
419 298
420 299
421 300
422 300
423 301
424 302
425 303
426 304
427 304
428 305
429 306
430 307
431 308
432 308
433 309
434 310
435 311
436 312
437 313
438 315
439 316
440 317
441 318
442 319
443 320
444 321
445 322
446 323
447 324
448 325
449 326
450 326
451 326
452 326
453 327
454 328
455 329
456 329
457 329
458 329
459 329
460 329
461 329
462 329
463 329
464 329
465 329
466 329
467 329
468 330
469 329
470 329
471 329
472 329
473 329
474 331
475 329
476 329
477 329
478 329
479 329
480 329
481 329
482 329
483 329
484 329
485 329
486 329
487 329
488 332
489 333
490 333
491 333
492 333
493 333
494 333
495 334
496 335
497 336
498 337
499 338
500 339
501 340
502 341
503 342
504 343
505 344
506 345
507 346
508 344
509 347
510 348
511 349
512 350
513 351
514 352
515 353
516 354
517 355
518 356
519 357
520 358
521 359
522 360
523 361
524 362
525 363
526 364
527 365
528 366
529 366
530 366
531 366
532 366
533 366
534 366
535 367
536 368
537 369
538 370
539 371
540 372
541 373
542 374
543 375
544 376
545 377
546 378
547 379
548 380
549 381
550 382
551 383
552 384
553 385
554 386
555 387
556 388
557 388
558 389
559 390
560 391
561 392
562 393
563 394
564 395
565 396
566 397
567 398
568 399
569 400
570 401
571 402
572 403
573 404
574 405
575 406
576 407
577 408
578 409
579 410
580 411
581 412
582 413
583 414
584 415
585 416
586 417
587 418
588 419
589 420
590 421
591 422
592 423
593 424
594 425
595 426
596 427
597 428
598 429
599 430
600 431
601 432
602 433
603 434
604 434
605 434
606 435
607 436
608 437
609 438
610 439
611 440
612 441
613 442
614 443
615 444
616 445
617 446
618 447
619 448
620 449
621 450
622 451
623 452
624 452
625 452
626 453
627 454
628 452
629 455
630 456
631 457
632 458
633 459
634 460
635 461
636 462
637 463
638 464
639 465
640 466
641 467
642 468
643 469
644 470
645 471
646 445
647 445
648 445
649 445
650 472
651 473
652 474
653 475
654 476
655 477
656 478
657 479
658 480
659 481
660 482
661 483
662 484
663 485
664 486
665 487
666 488
667 489
668 490
669 491
670 492
671 493
672 494
673 495
674 496
675 497
676 498
677 499
678 500
679 501
680 502
681 503
682 504
683 505
684 506
685 507
686 508
687 509
688 510
689 511
690 512
691 513
692 514
693 515
694 516
695 517
696 518
697 519
698 520
699 521
700 522
701 523
702 524
703 525
704 526
705 527
706 528
707 528
708 528
709 528
710 528
711 528
712 528
713 528
714 529
715 528
716 530
717 531
718 532
719 533
720 534
721 535
722 536
723 537
724 538
725 539
726 540
727 541
728 542
729 543
730 544
731 545
732 546
733 547
734 548
735 549
736 550
737 551
738 552
739 553
740 554
741 555
742 556
743 557
744 558
745 559
746 560
747 561
748 562
749 563
750 564
751 565
752 566
753 567
754 568
755 569
756 570
757 571
758 572
759 573
760 574
761 575
762 576
763 577
764 577
765 577
766 577
767 578
768 579
769 580
770 581
771 582
772 583
773 584
774 585
775 586
776 587
777 588
778 589
779 590
780 591
781 592
782 593
783 594
784 595
785 596
786 597
787 598
788 598
789 598
790 598
791 598
792 598
793 598
794 598
795 598
796 598
797 598
798 598
799 598
800 598
801 598
802 598
803 598
804 598
805 598
806 598
807 598
808 598
809 598
810 598
811 598
812 598
813 598
814 598
815 598
816 598
817 598
818 598
819 598
820 598
821 598
822 598
823 598
824 598
825 598
826 598
827 598
828 598
829 598
830 598
831 598
832 598
833 598
834 598
835 598
836 598
837 598
838 598
839 598
840 598
841 598
842 598
843 598
844 598
845 598
846 598
847 598
848 598
849 598
850 598
851 598
852 598
853 598
854 598
855 598
856 598
857 598
858 598
859 598
860 598
861 598
862 598
863 598
864 598
865 598
866 598
867 598
868 598
869 598
870 598
871 598
872 598
873 598
874 598
875 598
876 598
877 598
878 598
879 598
880 599
881 599
882 599
883 599
884 599
885 600
886 601
887 602
888 603
889 604
890 604
891 605
892 606
893 607
894 608
895 609
896 610
897 602
898 602
899 610
900 609
901 611
902 612
903 613
904 613
905 600
906 614
907 615
908 616
909 617
910 618
911 619
912 620
913 621
914 622
915 623
916 624
917 625
918 626
919 627
920 628
921 629
922 630
923 629
924 601
925 627
926 627
927 627
928 627
929 599
930 599
931 627
932 627
933 627
934 609
935 631
936 632
937 632
938 633
939 634
940 635
941 636
942 637
943 638
944 639
945 640
946 641
947 642
948 643
949 644
950 645
951 646
952 644
953 647
954 648
955 649
956 650
957 651
958 652
959 653
960 654
961 655
962 656
963 657
964 658
965 659
966 660
967 661
968 662
969 663
970 664
971 665
972 666
973 667
974 668
975 669
976 670
977 671
978 672
979 673
980 674
981 675
982 632
983 676
984 677
985 679
986 680
987 681
988 682
989 683
990 683
991 684
992 685
993 686
994 687
995 688
996 689
997 690
998 691
999 668
1000 660
1001 660
1002 683
1003 692
1004 692
1005 692
1006 692
1007 692
1008 693
1009 694
1010 695
1011 696
1012 693
1013 697
1014 698
1015 699
1016 699
1017 699
1018 700
1019 701
1020 702
1021 703
1022 704
1023 705
1024 706
1025 707
1026 708
1027 709
1028 710
1029 711
1030 712
1031 713
1032 713
1033 713
1034 714
1035 715
1036 716
1037 717
1038 718
1039 719
1040 720
1041 721
1042 722
1043 723
1044 724
1045 725
1046 726
1047 727
1048 728
1049 729
1050 728
1051 730
1052 731
1053 732
1054 733
1055 733
1056 734
1057 735
1058 736
1059 737
1060 738
1061 739
1062 740
1063 741
1064 742
1065 743
1066 744
1067 745
1068 746
1069 747
1070 748
1071 749
1072 750
1073 750
1074 751
1075 751
1076 752
1077 753
1078 754
1079 755
1080 756
1081 757
1082 758
1083 759
1084 760
1085 761
1086 762
1087 763
1088 764
1089 764
1090 764
1091 764
1092 764
1093 764
1094 764
1095 764
1096 765
1097 765
1098 765
1099 765
1100 765
1101 766
1102 767
1103 768
1104 769
1105 770
1106 771
1107 772
1108 772
1109 773
1110 774
1111 775
1112 776
1113 777
1114 778
1115 779
1116 780
1117 781
1118 782
1119 783
1120 784
1121 785
1122 786
1123 787
1124 788
1125 789
1126 790
1127 790
1128 790
1129 791
1130 792
1131 793
1132 794
1133 795
1134 796
1135 797
1136 798
1137 799
1138 800
1139 801
1140 802
1141 803
1142 804
1143 805
1144 806
1145 807
1146 808
1147 809
1148 810
1149 811
1150 812
1151 813
1152 814
1153 815
1154 816
1155 817
1156 818
1157 819
1158 820
1159 821
1160 822
1161 823
1162 824
1163 825
1164 826
1165 827
1166 828
1167 829
1168 830
1169 831
1170 832
1171 833
1172 834
1173 826
1174 835
1175 836
1176 837
1177 838
1178 839
1179 840
1180 841
1181 842
1182 843
1183 844
1184 845
1185 846
1186 847
1187 847
1188 847
1189 847
1190 847
1191 847
1192 848
1193 849
1194 850
1195 851
1196 852
1197 853
1198 854
1199 855
1200 856
1201 857
1202 858
1203 859
1204 860
1205 861
1206 862
1207 863
1208 864
1209 865
1210 866
1211 867
1212 868
1213 869
1214 870
1215 870
1216 871
1217 872
1218 873
1219 874
1220 875
1221 876
1222 877
1223 878
1224 879
1225 880
1226 881
1227 882
1228 883
1229 884
1230 885
1231 886
1232 886
1233 887
1234 888
1235 889
1236 890
1237 891
1238 892
1239 893
1240 894
1241 895
1242 896
1243 897
1244 898
1245 899
1246 900
1247 901
1248 902
1249 903
1250 904
1251 905
1252 906
1253 907
1254 908
1255 908
1256 908
1257 908
1258 908
1259 908
1260 908
1261 908
1262 908
1263 908
1264 908
1265 908
1266 908
1267 908
1268 908
1269 908
1270 908
1271 908
1272 908
1273 908
1274 908
1275 908
1276 908
1277 908
1278 908
1279 908
1280 908
1281 908
1282 908
1283 908
1284 908
1285 908
1286 908
1287 908
1288 909
1289 908
1290 908
1291 908
1292 908
1293 908
1294 908
1295 908
1296 908
1297 908
1298 908
1299 908
1300 908
1301 908
1302 908
1303 908
1304 908
1305 908
1306 908
1307 908
1308 908
1309 908
1310 908
1311 908
1312 908
1313 908
1314 908
1315 910
1316 911
1317 912
1318 912
1319 913
1320 914
1321 915
1322 916
1323 917
1324 918
1325 919
1326 920
1327 921
1328 922
1329 923
1330 924
1331 925
1332 926
1333 927
1334 928
1335 929
1336 930
1337 931
1338 932
1339 933
1340 934
1341 935
1342 936
1343 937
1344 938
1345 939
1346 940
1347 941
1348 942
1349 943
1350 944
1351 945
1352 946
1353 947
1354 948
1355 949
1356 950
1357 951
1358 952
1359 952
1360 952
1361 952
1362 952
1363 952
1364 952
1365 952
1366 952
1367 952
1368 952
1369 952
1370 952
1371 952
1372 952
1373 952
1374 952
1375 952
1376 953
1377 953
1378 953
1379 954
1380 955
1381 955
1382 955
1383 956
1384 957
1385 958
1386 959
1387 960
1388 960
1389 960
1390 961
1391 962
1392 963
1393 964
1394 965
1395 965
1396 966
1397 967
1398 968
1399 969
1400 970
1401 971
1402 972
1403 973
1404 974
1405 975
1406 976
1407 977
1408 978
1409 979
1410 979
1411 979
1412 980
1413 981
1414 982
1415 983
1416 984
1417 985
1418 986
1419 987
1420 988
1421 989
1422 990
1423 991
1424 992
1425 993
1426 994
1427 995
1428 996
1429 997
1430 998
1431 999
1432 1000
1433 1001
1434 1002
1435 1003
1436 1004
1437 1005
1438 1006
1439 1007
1440 1008
1441 1009
1442 1010
1443 1011
1444 1012
1445 1013
1446 1014
1447 1015
1448 1016
1449 1017
1450 1018
1451 1019
1452 1020
1453 1021
1454 1022
1455 1023
1456 1023
1457 1024
1458 1025
1459 1026
1460 1023
1461 1027
1462 1028
1463 1029
1464 1030
1465 1031
1466 1032
1467 1033
1468 1034
1469 1035
1470 1036
1471 1033
1472 1037
1473 1038
1474 1039
1475 1040
1476 1041
1477 1042
1478 1043
1479 1044
1480 1045
1481 1046
1482 1047
1483 1048
1484 1049
1485 1050
1486 1050
1487 1051
1488 1052
1489 1053
1490 1054
1491 1055
1492 1056
1493 1057
1494 1058
1495 1050
1496 1059
1497 1059
1498 1059
1499 1059
1500 1059
1501 1059
1502 1059
1503 1059
1504 1059
1505 1059
1506 1059
1507 1059
1508 1059
1509 1059
1510 1059
1511 1059
1512 1059
1513 1059
1514 1059
1515 1059
1516 1059
1517 1059
1518 1059
1519 1059
1520 1059
1521 1059
1522 1059
1523 1059
1524 1059
1525 1059
1526 1059
1527 1059
1528 1059
1529 1059
1530 1059
1531 1059
1532 1059
1533 1059
1534 1059
1535 1059
1536 1059
1537 1059
1538 1059
1539 1059
1540 1060
1541 1060
1542 1061
1543 1062
1544 1063
1545 1064
1546 1065
1547 1066
1548 1067
1549 1068
1550 1069
1551 1070
1552 1071
1553 1072
1554 1073
1555 1074
1556 1075
1557 1076
1558 1077
1559 1078
1560 1079
1561 1080
1562 1081
1563 1082
1564 1083
1565 1084
1566 1085
1567 1086
1568 1087
1569 1088
1570 1089
1571 1090
1572 1091
1573 1092
1574 1093
1575 1094
1576 1095
1577 1096
1578 1097
1579 1098
1580 1099
1581 1100
1582 1101
1583 1102
1584 1103
1585 1104
1586 1105
1587 1106
1588 1107
1589 1108
1590 1109
1591 1110
1592 1111
1593 1112
1594 1113
1595 1114
1596 1115
1597 1116
1598 1117
1599 1118
1600 1119
1601 1120
1602 1121
1603 1122
1604 1123
1605 1124
1606 1125
1607 1126
1608 1126
1609 1127
1610 1128
1611 1129
1612 1130
1613 1131
1614 1132
1615 1133
1616 1134
1617 1135
1618 1136
1619 1137
1620 1138
1621 1139
1622 1140
1623 1141
1624 1142
1625 1143
1626 1144
1627 1145
1628 1146
1629 1147
1630 1148
1631 1149
1632 1150
1633 1151
1634 1152
1635 1153
1636 1154
1637 1155
1638 1156
1639 1157
1640 1158
1641 1159
1642 1160
1643 1161
1644 1162
1645 1163
1646 1164
1647 1165
1648 1166
1649 1167
1650 1168
1651 1169
1652 1170
1653 1171
1654 1172
1655 1173
1656 1174
1657 1175
1658 1176
1659 1177
1660 1178
1661 1179
1662 1180
1663 1181
1664 1182
1665 1183
1666 1184
1667 1184
1668 1184
1669 1184
1670 1184
1671 1184
1672 1184
1673 1184
1674 1184
1675 1184
1676 1184
1677 1184
1678 1184
1679 1184
1680 1184
1681 1185
1682 1186
1683 1187
1684 1188
1685 1189
1686 1190
1687 1191
1688 1192
1689 1193
1690 1194
1691 1195
1692 1196
1693 1197
1694 1198
1695 1199
1696 1200
1697 1201
1698 1202
1699 1203
1700 1204
1701 1205
1702 1206
1703 1207
1704 1208
1705 1209
1706 1210
1707 1211
1708 1212
1709 1213
1710 1214
1711 1215
1712 1216
1713 1217
1714 1218
1715 1219
1716 1220
1717 1221
1718 1222
1719 1223
1720 1224
1721 1225
1722 1226
1723 1227
1724 1228
1725 1229
1726 1230
1727 1231
1728 1232
1729 1233
1730 1234
1731 1235
1732 1236
1733 1237
1734 1238
1735 1239
1736 1240
1737 1241
1738 1242
1739 1243
1740 1244
1741 1245
1742 1246
1743 1247
1744 1248
1745 1249
1746 1250
1747 1251
1748 1252
1749 1253
1750 1254
1751 1255
1752 1256
1753 1257
1754 1258
1755 1259
1756 1260
1757 1261
1758 1261
1759 1261
1760 1261
1761 1261
1762 1261
1763 1261
1764 1261
1765 1261
1766 1261
1767 1261
1768 1261
1769 1261
1770 1261
1771 1262
1772 1263
1773 1264
1774 1265
1775 1266
1776 1267
1777 1268
1778 1269
1779 1270
1780 1271
1781 1272
1782 1273
1783 1274
1784 1275
1785 1276
1786 1277
1787 1278
1788 1279
1789 1280
1790 1281
1791 1282
1792 1283
1793 1284
1794 1285
1795 1286
1796 1287
1797 1288
1798 1289
1799 1290
1800 1291
1801 1292
1802 1293
1803 1294
1804 1295
1805 1296
1806 1297
1807 1297
1808 1298
1809 1299
1810 1300
1811 1301
1812 1302
1813 1303
1814 1304
1815 1305
1816 1306
1817 1307
1818 1308
1819 1308
1820 1308
1821 1308
1822 1308
1823 1309
1824 1308
1825 1310
1826 1310
1827 1310
1828 1310
1829 1310
1830 1311
1831 1312
1832 1313
1833 1314
1834 1315
1835 1316
1836 1317
1837 1318
1838 1319
1839 1320
1840 1321
1841 1322
1842 1323
1843 1324
1844 1325
1845 1326
1846 1327
1847 1328
1848 1329
1849 1330
1850 1331
1851 1332
1852 1333
1853 1334
1854 1335
1855 1336
1856 1336
1857 1336
1858 1336
1859 1336
1860 1336
1861 1337
1862 1338
1863 1339
1864 1340
1865 1341
1866 1342
1867 1343
1868 1344
1869 1345
1870 1346
1871 1347
1872 1348
1873 1349
1874 1349
1875 1350
1876 1351
1877 1352
1878 1353
1879 1354
1880 1355
1881 1356
1882 1357
1883 1358
1884 1359
1885 1360
1886 1361
1887 1362
1888 1363
1889 1364
1890 1365
1891 1366
1892 1367
1893 1368
1894 1368
1895 1368
1896 1368
1897 1368
1898 1368
1899 1368
1900 1368
1901 1368
1902 1368
1903 1368
1904 1369
1905 1368
1906 1368
1907 1368
1908 1368
1909 1368
1910 1368
1911 1368
1912 1368
1913 1368
1914 1368
1915 1368
1916 1368
1917 1370
1918 1371
