0 1688 525.4112876198654
1 12414 3.8282694746076045
2 63140 37.20003258702357
3 46364 16.800794829937438
4 51624 11.749226251241318
5 8785 95.61161596115504
6 21607 8.082388412610406
7 30347 15.03889747751727
8 38666 17.044590940189686
9 21872 62.56509798500997
10 8036 60.1828166771429
11 22545 19.20570481407636
12 45452 9.421144422290759
13 36039 12.676067997226243
14 50926 9.35209468151976
15 42226 15.178068778697044
16 27986 51.30767130967402
17 72723 50.0156977561286
18 47553 23.616632586714687
19 27802 13.362962685541401
20 11032 5.255105429059903
21 59406 15.652025414789566
22 30700 8.001975298727253
23 37881 7.482343161435497
24 58094 14.556037711371635
25 40811 10.729529634886338
26 20328 10.489601110120974
27 39285 12.146994889551612
28 88996 26.157271385041167
29 5053 5.407300342704291
30 47852 25.235236611134876
31 12900 10.185503176076491
32 2982 57.52778120979711
33 45980 13.25046100599694
34 53442 11.573328138972073
35 44537 10.98598719376306
36 35090 15.191083896913808
37 10748 7.95166579922378
38 34934 27.38868674295016
39 34108 32.01230082919303
40 74734 23.885708736874456
41 36090 78.83605947209021
42 44622 16.50814019215533
43 33262 9.85605029830254
44 7378 49.754723960111015
45 35330 13.975468612209786
46 10592 32.76127109469233
47 44009 11.421431682308953
48 34156 9.227570552450436
49 21182 7.843068770975001
50 28145 26.211752718545416
51 30251 11.136973607599726
52 23724 76.91752239778717
53 22839 113.33533823322733
54 47187 14.110557655093382
55 20579 6.976785220626505
56 48197 33.02177732097601
57 646 0.8227771711683606
58 1322 60.69909397263616
59 12851 199.3870898243544
60 45373 39.09490121189751
61 301 51.36231519219394
62 3658 116.29102026727537
63 28132 149.9621218322247
64 4660 43.317876762363376
65 48877 21.932325941278492
66 19669 5.121505582265246
67 3722 46.90060378658125
68 26601 264.62906893777114
69 4446 93.04984965181306
70 6691 69.6708027218659
71 33396 77.33271814386785
72 1593 26.579530484311125
73 294 1.4827802290975864
74 20276 10.211451558848921
75 5910 62.20160479508013
76 18861 6.084688809369001
77 6958 112.26091588069134
78 5374 11.410733949346483
79 18982 173.56635474758957
80 14619 177.80445932568028
81 3291 171.77300126487071
82 17993 33.20019166111967
83 6602 93.78715461229936
84 5842 87.51226762440598
85 56065 15.879267008186911
86 58730 12.76481512655657
87 4606 41.00083784171973
88 605 23.51237109978888
89 36041 47.006391535404795
90 2579 38.09876455026046
91 14580 31.305404503804652
92 310 1.6999047872036472
93 4139 87.81842116643011
94 18339 60.30220603338703
95 23627 119.97253269127116
96 6165 114.00967726491398
97 2285 33.781299758917804
98 671 2.279953420633609
99 37966 112.38732109955721
100 3070 13.177526305141182
101 8436 97.74192197029484
102 14644 214.1005425507763
103 3956 11.658817724252005
104 4353 30.478160902675995
105 23031 7.668332054048127
106 25908 17.595124765056827
107 5118 17.584744408082198
108 22406 111.02246110792791
109 1666 0.7036488199945328
110 15721 4.729807628452333
111 26279 2.5577157114241458
112 23061 4.351166877993257
113 36248 4.25228147775202
114 9648 3.8462954268513987
115 30171 5.940759957188991
116 13653 3.5348360687385423
117 7482 2.2653896465929573
118 73146 17.662807318026182
119 24884 10.26311396037356
120 32950 7.236678316656294
121 14648 8.414757906214238
122 49416 14.614727172481109
123 80324 27.325824675635562
124 21665 6.987817704174691
125 22124 2.191389689836401
126 41891 11.318408038956164
127 13947 3.452266960310241
128 34034 5.841550617222937
129 20892 4.720550056602579
130 3506 1.1199279687782338
131 55029 11.396733112276968
132 66551 11.407203817160543
133 31571 12.53162524305132
134 26934 7.244659434715528
135 37052 5.637052758545599
136 28682 8.268738696858827
137 14043 3.463550796374346
138 28794 10.36029201679699
139 17177 6.720184417842862
140 15949 12.48872195546852
141 17101 6.650167105021336
142 30483 6.576756726285991
143 24296 3.7719058930002762
144 27066 26.876872788599794
145 55406 8.699633743476804
146 13266 4.6119630670103495
147 2770 0.4516692741433551
148 468 6.538638402957852
149 33395 7.368236069047424
150 13373 4.597325161352099
151 2331 0.43935261476114945
152 24112 5.068963253883802
153 18450 13.637485579083764
154 23253 3.3209416414284547
155 49004 5.618704410985688
156 18552 103.97869449588184
157 15920 90.30362109785837
158 14120 49.39781497057129
159 11831 80.19558855098943
160 4334 82.2488250910815
161 1118 78.49821311913415
162 778 151.9163996126623
163 305 1.4043636495613108
164 3136 48.78203682796986
165 144 10.510859509773791
166 2893 74.01111935653756
167 2456 163.5859146837746
168 14411 139.77240937023646
169 1076 36.599727875187064
170 1003 54.65975904135463
171 2883 73.04436429821297
172 2982 81.1843946767321
173 3297 66.84066605714003
174 5301 326.88792110233715
175 10089 85.99071501489583
176 2052 58.83555908367143
177 3323 105.86777274643744
178 2773 104.11753374919111
179 1185 67.12776893174795
180 1876 165.3343478811485
181 1078 60.23333003859477
182 972 45.79482337369903
183 868 13.910154023879647
184 6350 114.96666316600695
185 142 7.0426982673278795
186 8858 105.48095164919683
187 3180 176.29101949507103
188 1080 53.53731407249764
189 655 28.350247182612428
190 1186 81.37238435081552
191 331 59.554548129180525
192 1211 34.82982546637282
193 4090 76.14957289377402
194 3255 74.94356305897942
195 5699 19.175373399413434
196 28293 295.2443717885952
197 6522 134.6619270050672
198 4326 79.61534841088067
199 23592 90.62900677532096
200 11350 199.88592534019463
201 888 50.57592544830324
202 371 30.792967766646022
203 288 19.216840386905268
204 1424 48.191687374613316
205 3548 63.65369607890075
206 3855 83.37777897040449
207 14882 107.32043082825095
208 129 2.0593504680330565
209 1304 51.7279941065364
210 977 60.623349606253
211 932 53.312213415660615
212 1849 50.786610208232624
213 1646 32.380980915741695
214 395 69.47926283828342
215 24385 312.41511698123696
216 2346 104.44891211851174
217 1541 101.69994185301245
218 1161 117.00598921693846
219 993 1.2115187406273698
220 2211 29.295420287661564
221 4801 95.77573602657618
222 516 42.79071292994408
223 611 5.39747133963555
224 10862 227.1774042968539
225 7095 67.32048565475979
226 3351 123.64443117110967
227 3350 64.66211619513295
228 36298 95.19994262521679
229 24379 78.81591150229268
230 808 87.518158771392
231 11007 165.05295275499347
232 1806 163.9455379716045
233 1611 111.88305660103444
234 1133 24.010558350077297
235 1636 50.26039580106163
236 5568 262.5322345122835
237 1088 79.51101935607424
238 5395 49.77528621754232
239 176 16.558887145423068
240 4282 161.58734248961773
241 361 6.984320390673624
242 782 47.89860763833655
243 4225 67.75159035485879
244 2876 134.1029846470331
245 2874 3.009956802888662
246 11518 135.22971728054338
247 2846 103.62302334991513
248 3491 72.09439001261782
249 181 9.951436454531835
250 1868 106.24448568873679
251 15849 9.290463894041208
252 23286 48.99132042310621
253 5456 46.27856383890582
254 29934 47.10281128715654
255 27823 79.18154022335239
256 2588 90.4463638441568
257 2787 117.02752561015727
258 13977 323.9484592206605
259 6036 88.56849375363902
260 3460 170.53542294404454
261 4652 84.636351983098
262 223 3.3247435895455886
263 229 2.246037819480245
264 2074 68.12575463670102
265 11444 187.44375109073866
266 9778 145.04996586856774
267 13196 75.98610225221121
268 8611 124.1760996576046
269 2189 58.703310208387066
270 16638 175.7097256821267
271 12417 203.12211176268
272 4804 107.13476085603486
273 8246 335.31138677090394
274 2807 127.4828632410652
275 24536 127.55634890972468
276 1021 84.47470799092505
277 1993 22.786733760928623
278 606 63.06315627717194
279 17290 122.96383689808602
280 17097 237.33856566130808
281 2562 128.47456629142684
282 473 3.074071771761105
283 3914 56.35454141100268
284 7548 101.02398003388433
285 12985 231.92760738659794
286 4219 93.00018185412442
287 5098 89.7450660003058
288 6869 10.954484731203388
289 34373 15.717931511651791
290 27069 13.667502320474071
291 37166 54.24836408508457
292 8684 67.0791107912469
293 2168 27.690669609280043
294 8771 75.0399221926897
295 13711 51.65786714069718
296 7156 54.759375333013125
297 5062 20.72398289104042
298 3937 46.82113585082247
299 17253 161.0167850198534
300 6986 148.0114320992993
301 5783 124.26157070998012
302 5719 104.40500187645657
303 4002 68.54763226702208
304 10022 87.32999998455591
305 9072 49.38694426383443
306 141 2.2466277836036306
307 2614 130.17399153972914
308 12466 43.5471519559164
309 6005 107.78811137348899
310 233 1.2637097160295723
311 7607 102.13610294719513
312 26388 305.3379463534194
313 2776 120.76301666262546
314 18361 143.98093079967938
315 12791 178.35569547040373
316 3254 56.277941828301906
317 122 0.8606074622739565
318 312 1.256658718109891
319 7219 121.84402244334723
320 658 38.5974209146915
321 11263 267.4830690335245
322 126 3.4038323729685236
323 7593 188.9152617695526
324 4203 36.75637107198952
325 13125 38.533678920520096
326 3518 94.27030858830234
327 16799 214.6002259469928
328 22397 332.44423950999
329 5386 255.15144046999447
330 66 16.654564422692307
331 3324 245.18099157216173
332 12012 450.00760852946036
333 666 69.94349047177053
334 5069 147.44852176921282
335 7076 273.3234594137116
336 5718 359.5986020012448
337 3259 316.7536571598015
338 2718 145.72862345308164
339 1859 242.32418991902665
340 92 0.19783103242177183
341 75 1.9072223500649423
342 671 71.36858549151579
343 5050 259.4691539111378
344 3762 172.28975153552835
345 963 74.59831203851138
346 2369 272.042032241076
347 196 25.50400117683943
348 43 0.4596357203199397
349 1923 118.02622019870363
350 6644 169.64299409881437
351 9017 114.53241829691875
352 10091 247.02778661522757
353 29036 161.4827956731846
354 34004 142.18273907060572
355 4179 236.58171118939546
356 1070 117.63273961114878
357 1411 90.33602317848577
358 1599 132.59082667564482
359 2023 134.7895005691146
360 2631 56.01534022551456
361 1437 125.39797713348479
362 1599 74.36049973976714
363 99 7.389729991026986
364 13685 354.2970175923595
365 889 125.57751078383374
366 994 67.42860584682245
367 2608 185.98380455816783
368 3992 241.49020767663788
369 9105 84.81868834913521
370 115 0.41280924853705886
371 1262 64.11405381028793
372 1301 39.58879925312395
373 3578 138.93364834122784
374 6281 245.22843426301588
375 7976 197.58918265258373
376 16134 393.07612853804727
377 3280 107.1550231120762
378 7623 243.1950221390987
379 923 46.5312518822481
380 913 42.965993664835516
381 14910 277.14562770174996
382 3029 0.26562980214580145
383 20097 231.89638330370641
384 17591 73.7921716239612
385 5371 270.85506535165416
386 1766 73.40677601595065
387 4116 85.89329255579563
388 6620 360.93212439594316
389 2599 179.14456167364483
390 3126 104.73824627758893
391 3699 143.466402933141
392 827 22.718273212076657
393 750 182.97057399493744
394 144 0.552635379005617
395 11423 291.1055224966293
396 2836 161.65364511341366
397 30460 10.321511142136567
398 30269 7.219445032177755
399 22639 7.550084788037628
400 13602 74.12596197356899
401 19759 98.3617584328576
402 55706 8.909491086445188
403 21594 8.041548841152933
404 25689 8.174861814031571
405 30680 8.964049254282259
406 34072 5.7579363302069355
407 16658 4.283880079753265
408 30852 8.862331794587465
409 44724 10.373137250056757
410 26938 7.6599015130572035
411 27270 66.00025251082245
412 33673 7.25396874425673
413 13212 2.670088818944335
414 5832 56.217088650603785
415 59744 77.12052333833206
416 17759 72.50718536147657
417 24819 164.09454947281608
418 22748 13.068094910092247
419 1622 67.34501627034565
420 22352 45.99599920926275
421 32925 6.510026687382335
422 27524 11.432942932554127
423 434 11.817073669839397
424 7071 137.34667033206333
425 3866 100.97601456068523
426 21989 108.51630355044117
427 25130 101.00462936507815
428 5875 122.18376996341296
429 46320 37.04120366580849
430 15995 45.287947666166794
431 28421 8.002068349351426
432 11764 3.7968403714611805
433 3084 89.05799100227492
434 17123 54.47618019851829
435 4881 2.7460988236238935
436 6764 7.422261801985183
437 152 1.5093401977152017
438 1883 29.953895539284353
439 28986 98.30377013329792
440 3142 86.30837054071293
441 22117 174.41382817217686
442 752 35.76322863271953
443 3320 7.546168167574522
444 5327 84.1999457140342
445 590 7.309172088828211
446 8572 67.21742610390473
447 17748 100.52309624600578
448 8327 50.811584069115376
449 8787 63.85403175613169
450 20196 14.697565780227553
451 24746 186.4342016256446
452 11499 158.3788673924358
453 26669 22.548672812383685
454 2095 37.03341135171283
455 8111 4.312477895650482
456 14572 5.4541549999459455
457 17446 5.8632402930052185
458 22194 5.571014614739528
459 35389 14.54771373458101
460 38227 46.69765226711475
461 21710 8.15313738905354
462 30434 5.73620611369628
463 21685 8.252287655386821
464 38993 11.32778800519539
465 24741 9.132287099399688
466 20696 4.675234016528262
467 46746 12.160074100729425
468 30645 10.788873925284596
469 13866 7.584966802934995
470 42761 16.26451435296225
471 15283 9.766325558265136
472 29722 8.104520561485227
473 19395 63.565932351810126
474 2003 2.172762962608321
475 2833 0.11001016220924575
476 28374 15.097004310444682
477 24709 7.3276887769364185
478 48394 9.23743391861275
479 23704 7.973596788865431
480 20684 25.979696431025936
481 54911 13.534335294217579
482 26340 27.90222309910316
483 23331 4.647616127951172
484 3115 3.4530024849535983
485 16748 3.936479242374868
486 4891 14.45748513120524
487 48058 53.95522141415327
488 28209 8.785468504101177
489 27107 5.578690712080519
490 18510 8.472097554119943
491 10579 36.7918133211428
492 19782 27.231684471124964
493 24018 6.552058928458356
494 39556 16.29785620628358
495 3156 99.67565988722728
496 18419 47.81031224855096
497 22141 79.40864629488631
498 1119 184.95755733231198
499 9711 378.7682352196226
500 3235 62.941643745067545
501 15587 310.72567749348644
502 431 26.48449645326542
503 1087 114.44648430803541
504 26120 369.4918169505032
505 60388 17.22305894853567
506 1780 22.62991141271697
507 13098 71.85338619329511
508 34647 14.418115064625782
509 7194 67.77260280742614
510 937 8.813707631077827
511 731 53.0123336478779
512 2863 185.0161147464776
513 230 1.546740757100033
514 5411 262.1705366974673
515 6659 89.25055019559936
516 4618 56.661248623545745
517 233 67.53544109084676
518 27648 45.31929916277604
519 44 8.594505071065967
520 1412 35.653879091331696
521 1893 195.1711575497647
522 13495 120.23911307697179
523 250 0.5771408979501064
524 1853 101.08470850057992
525 1352 39.52603564186398
526 4745 98.93332903472911
527 9135 203.8320053992528
528 16540 11.614860763833654
529 13206 8.34493171396933
530 4746 219.16709189386205
531 15991 13.127465841540578
532 19677 8.929214343850242
533 13862 5.699339147517286
534 17989 179.465522620182
535 7535 1.5654740485284102
536 2035 191.75909540893625
537 11270 78.48883933052971
538 712 65.76450856142962
539 3502 284.1900916143241
540 256 61.301906031997056
541 193 68.40968606804356
542 4831 532.9209807149686
543 2317 236.28398201072747
544 13045 198.41777876963135
545 299 107.04048706017171
546 1606 104.71519134451589
547 974 270.5825718111435
548 162 29.078159821589907
549 4162 282.23848797755045
550 802 30.394843528232563
551 591 43.40628875500582
552 3820 951.5234383325328
553 12991 476.31508176871864
554 203 101.98444046845005
555 1329 198.9469287116388
556 25702 412.3331254816625
557 847 0.08904713072029677
558 8992 515.0464006010839
559 11302 131.5665566790271
560 804 56.5451202862716
561 258 106.55005505817016
562 2532 359.5887444266151
563 3384 118.73933006639413
564 1370 95.55324735095297
565 1416 120.19664685705108
566 612 72.69519704338398
567 212 45.20979170559863
568 5721 404.9541824132004
569 7545 446.6605177321285
570 1897 141.46110406689144
571 3635 145.109581588795
572 407 67.83238802650823
573 9000 419.4119351132129
574 5628 126.19131903313838
575 2434 207.14766284631435
576 13258 461.58173281111726
577 75 8.928327853256462
578 1125 130.0908749384167
579 1688 137.13345351407034
580 1014 90.43727191014013
581 3960 316.77655610759587
582 6261 564.3551224947761
583 146 22.473960497114273
584 421 93.75079575658266
585 2982 167.7074314630029
586 481 75.86385110664605
587 506 185.8391228067466
588 332 6.059561665922777
589 96 14.292626838425507
590 3238 285.75268263791185
591 1906 175.19468931902387
592 1499 100.89754199633357
593 281 35.92435679238668
594 977 236.8666970657779
595 2637 102.71878827237809
596 208 61.84098420533223
597 1063 635.7803318007651
598 1147 106.35344101980395
599 1375 103.2879229556276
600 2507 89.63810604527897
601 91 0.7431949491657877
602 459 126.56210646535814
603 16897 116.78477892561665
604 31545 62.98769994301132
605 24268 27.045268549506794
606 3317 78.4249525480427
607 34172 105.40409608075404
608 1581 116.46561721521489
609 626 51.18391706834163
610 8413 301.22589564121535
611 35534 114.86882487486429
612 18 0.6035904413456742
613 2867 67.2247442845295
614 1062 192.11142715719146
615 4058 128.36759205061955
616 16974 503.6830193807848
617 2540 93.41494593797346
618 4978 381.4405723115319
619 2615 88.4185363020987
620 3870 53.7698692040272
621 761 150.0465654667126
622 7841 137.4302263176509
623 19206 4.730018440239878
624 40025 80.41703359243364
625 30430 48.53702912909249
626 29943 30.645045073567907
627 26344 15.514659913482225
628 44490 76.77173060261283
629 11586 531.466475906452
630 2104 7.973200261931716
631 1461 98.69214838061026
632 5178 136.27106766517838
633 5051 6.715116826796109
634 962 45.292119500167566
635 74 28.056411844379202
636 258 54.56310183676527
637 8984 193.5028513645623
638 2498 81.5177047152342
639 2572 179.80958019882718
640 6790 118.1796054653535
641 26 0.8937775001274137
642 17661 142.40106903970212
643 3046 151.1248206555397
644 1766 75.05766165711965
645 4258 57.279379672801575
646 1274 0.3018894296035348
647 2882 0.6455871610215954
648 523 0.038561182522853385
649 1956 0.49180691184669584
650 1037 72.69471750448264
651 1015 52.71648517290428
652 242 5.070424264513967
653 2231 64.24574245131637
654 1563 40.90271924039803
655 1601 88.54968092516259
656 111 9.27091978804535
657 1989 141.55594620515618
658 1840 14.413974891003356
659 522 40.89285355762266
660 1778 60.03371405581802
661 4973 48.28858705136858
662 7093 282.8797797518753
663 1341 105.53835539006359
664 1497 43.3723028832566
665 536 39.46429674577643
666 2837 82.66420384959312
667 1584 91.8628684766107
668 3005 28.433509730547016
669 1674 75.0706752309277
670 7057 255.48055203344572
671 13554 8.045561601057612
672 11039 167.46115927950245
673 2302 103.11733722318405
674 790 138.40281885475918
675 104 10.429984231587174
676 3300 103.2890175552937
677 1087 87.12272914005779
678 1082 148.3521263418981
679 151 0.6419041323743585
680 7831 76.37073878334571
681 2276 115.73758642897187
682 9307 106.29193648773662
683 506 35.522246049016445
684 8708 160.51880626473945
685 3514 135.04499325865604
686 2526 159.07400729269787
687 244 16.37886855074232
688 11313 144.00620659246297
689 1377 69.93764218212594
690 1777 79.60059737728514
691 1187 92.314458213706
692 413 21.458732627332637
693 263 37.66010035567732
694 1432 76.26925028224069
695 190 55.66944364220993
696 873 73.03727507617796
697 2660 113.4040829532801
698 108 13.457211384763173
699 285 11.311013796202916
700 1466 132.6426523983895
701 3996 229.86959128768163
702 1197 81.20688705893618
703 6454 99.74189146822302
704 10115 122.61205959255409
705 1651 77.29207934554137
706 1826 1.1367037221794078
707 8007 5.082144396035812
708 29155 114.3297872422575
709 35015 70.48503352139083
710 16697 3.2632823009218574
711 24476 46.538061566308414
712 22686 9.512787704035695
713 9042 3.947451880085931
714 23506 50.335813911106925
715 1862 0.03481251650586798
716 25552 381.91271967283245
717 5075 72.31736633528804
718 125 75.1559555488288
719 4869 305.006400801857
720 2945 112.3280826011549
721 35 27.857380420295385
722 7091 520.9134548113736
723 433 72.60217807958956
724 199 97.12617703248046
725 63 43.35830397669796
726 559 202.67802862407083
727 5908 410.8366915213507
728 41 38.262377663525854
729 3188 437.2866831815437
730 61 100.00828845539053
731 191 93.86463528016345
732 3550 409.54477163600757
733 178 111.96830255584196
734 78 60.74239533156138
735 3944 945.0375094401982
736 212 149.80876089001185
737 1622 256.78322138944276
738 401 136.32860499739766
739 3582 711.189828678743
740 1791 134.22947171956008
741 254 119.2015881926866
742 1982 718.2371200175445
743 1995 171.48654163648635
744 198 127.85574875250387
745 890 235.44811906464432
746 160 32.00703632603703
747 623 278.306047363926
748 125 73.68228964767404
749 251 27.544252714684394
750 784 233.24272622112534
751 717 299.0707771619019
752 55 44.933601622864664
753 68 69.71977746615042
754 668 108.53990095707007
755 4558 555.7564444314028
756 1685 264.3853774612083
757 252 139.7654753612758
758 172 34.58224941582741
759 154 78.65639570530828
760 126 58.290985904181795
761 110 107.65600458380503
762 940 93.66789768910127
763 27969 276.25975487145115
764 31905 26.624427217423403
765 32718 403.9181030954584
766 11335 207.86698934512438
767 1951 1.3962667008495793
768 156 180.32350806258563
769 3390 969.7164334352128
770 1365 259.7762808167451
771 1296 15.574082582622005
772 1606 292.00880506010066
773 3377 1074.1444331016205
774 37 10.508687298937293
775 51 32.05474233857454
776 176 14.801585181089642
777 1348 568.4782431424393
778 3693 2509.556760494643
779 1665 596.4238869060397
780 7 9.180776899352429
781 4180 1839.959236490671
782 1143 802.4752350203939
783 74 45.659986841637874
784 133 48.52979627704839
785 59 0.2795024532932199
786 310 98.45688358401661
787 16793 2.01233557838878
788 10508 2.5386723799492508
789 32692 5.779578129319518
790 25528 3.84498036284338
791 19664 2.2551590972622266
792 30853 7.809132706406362
793 30482 6.532528722140798
794 38094 6.195720211831097
795 366 0.1234604175772243
796 19547 3.5697285083946335
797 20719 3.937264960300974
798 17602 8.763634040003273
799 28684 7.175776490084124
800 53621 21.144586770286196
801 26989 9.686036383180154
802 32561 8.695413646704155
803 25563 6.620594381132268
804 18944 3.519579241293782
805 25464 6.898328872566205
806 26042 6.079228552410282
807 29557 5.839904277548777
808 28998 5.44853412448243
809 34775 12.829374112930253
810 26137 4.287697858059574
811 23940 6.477111863066547
812 14331 2.8619402869820245
813 16808 9.170694227154721
814 17814 12.979395657431617
815 10258 2.5189730608790466
816 15762 3.190842583054439
817 12757 22.170166811583684
818 27965 5.975472087129361
819 33678 13.741866371581644
820 35896 5.709499040149993
821 71969 7.158441274631389
822 19819 6.235110741825831
823 26713 9.421578787237625
824 27562 10.105111297812963
825 45081 14.06132345014726
826 37146 18.518442942592785
827 23358 14.841752934762631
828 30949 39.09565604164961
829 31255 11.587518938311684
830 1196 0.11681096591953322
831 21077 13.826457883202547
832 15294 11.08245443608233
833 28521 24.652745495345926
834 4611 6.7585537075847455
835 15085 7.324620422951766
836 28954 12.412343995416196
837 22290 5.599486947429872
838 41989 8.26439968061628
839 18673 3.461385921479173
840 39208 4.253217775526373
841 16406 8.23287250751741
842 16949 9.841193086608895
843 40830 8.219789435317846
844 24457 7.970242719271286
845 25152 5.423756017402397
846 45847 14.725182510498119
847 35326 8.210092479192953
848 31366 8.614099370344572
849 30559 5.995776814409951
850 10064 3.8084307726522284
851 16541 4.789502113523306
852 46017 13.035161166769885
853 25671 4.469150050116062
854 56526 7.343969161247079
855 34790 13.849718994837042
856 37267 5.443270779632956
857 37388 11.02130048478989
858 33803 4.77364914432036
859 52151 8.745373723739261
860 14777 10.718134987498011
861 31280 7.380505237862106
862 45275 6.382729958594402
863 47860 3.1035452673912003
864 49900 12.506837483416911
865 70837 10.318744333950582
866 95137 30.65666906564818
867 16074 5.282463084771049
868 28009 6.785575840505825
869 36399 6.607730228865925
870 49660 11.186920171058707
871 48685 13.226583289188985
872 32930 8.222512227855882
873 23472 7.184581550184788
874 33745 7.60416032815596
875 46929 12.027609008227065
876 8498 11.33968188269598
877 32628 6.000656759799659
878 13076 1.7753449050729193
879 47091 6.218683638688673
880 30769 18.905193383135366
881 18118 57.95078625846915
882 16710 61.84132165863317
883 21314 37.914668716611814
884 11931 41.3086180322071
885 16036 126.19195803223799
886 14281 38.35678852566112
887 33678 317.90872505973
888 69 2.381940379646547
889 20160 317.8752349431735
890 13993 162.20348897369408
891 6824 153.10764837520483
892 141 14.327870631060838
893 2350 36.56314508020887
894 12471 39.047834584561784
895 33971 26.534238382571658
896 37512 17.031654586816618
897 29809 217.63012376891322
898 23 0.13604310135799857
899 26122 8.485238927747927
900 53578 17.3743669854841
901 66 2.6380674350614752
902 32517 671.3944674647141
903 30215 75.65656172924353
904 24010 57.09059462823766
905 24498 130.15060378658126
906 19987 62.67360080432805
907 4993 123.82741309998347
908 721 52.49451348809338
909 5280 32.88224887528436
910 4600 8.254691527528314
911 3269 69.32623124122583
912 2223 30.346350639462422
913 25769 35.30530836436308
914 143 0.8087527818661708
915 152 7.562676738270602
916 1018 36.638374772392766
917 7665 127.20354688902033
918 12164 51.85308426139426
919 54609 23.75060733872126
920 510 51.861649552044256
921 39351 34.310106069989516
922 617 30.919508507375323
923 28708 39.117245330866396
924 14685 97.24642507996177
925 70544 25.464393657422352
926 23136 12.414230104541025
927 34961 13.021520563029636
928 35369 11.315277908623514
929 11857 17.466358917493054
930 19534 21.858054940795093
931 36407 40.48500842474946
932 40384 13.87190597022071
933 21255 20.997382227253564
934 43317 26.835464874740733
935 17491 3.734484097995821
936 33682 64.88137126504061
937 28595 18.95312951256917
938 106 8.648492579888401
939 23047 518.3577186458007
940 46 1.7375250387260481
941 2457 60.14600955680103
942 9585 190.0742926222052
943 1512 63.1391261272253
944 2205 53.25769964957367
945 13933 170.76326376801745
946 9483 144.19664840145978
947 2100 88.76641011464146
948 61 82.78528549167024
949 72264 38.31761498508873
950 2283 111.63809214560068
951 173 25.307416868340702
952 50539 58.46062452799009
953 4816 190.9704662724306
954 4539 140.47235662867936
955 73 6.448995902683719
956 17054 321.8871295928784
957 37 5.118535684335217
958 4809 43.72573347830183
959 1137 192.95390480573656
960 84 0.304392916106175
961 784 37.477846615505555
962 11977 177.04445541832627
963 5217 6.559860122904045
964 11872 100.43282980461686
965 341 6.336617775835255
966 71889 20.44665033197065
967 77 1.1551343095025923
968 301 11.624216405635856
969 217 19.602463409096877
970 2045 210.87912916971044
971 1303 52.43197574660577
972 651 10.104139478638512
973 468 36.29261525536025
974 56274 32.74749883011041
975 73 0.6954449209803288
976 10679 147.86014915899224
977 221 1.844559125370465
978 7161 194.77441555713773
979 690 11.561044684376917
980 57 24.630651184484254
981 131 19.204865814050105
982 35321 130.6884533827956
983 338 28.564264390414163
984 35241 86.33938805894081
985 12782 208.0208757723974
986 773 23.77558158570619
987 313 5.144070165576057
988 35897 10.481898757832083
989 24739 9.719892524598569
990 74514 32.94162366775444
991 8097 142.8792500196912
992 35 7.998467174365286
993 2307 59.16294052327655
994 311 36.16595829787629
995 11068 154.671464887096
996 4054 83.33448533352278
997 6851 47.48686441790464
998 14148 216.9825620813687
999 35554 11.21951105564968
1000 23104 57.78691947607479
1001 61600 40.86106036012522
1002 49906 15.503852527502058
1003 37995 5.614780840683432
1004 24251 8.631936518624796
1005 24529 5.5290167367570815
1006 23223 9.149942779657666
1007 35977 9.593995030092804
1008 13731 29.179730562458204
1009 46627 158.55023073465978
1010 4942 218.0635041552316
1011 30309 205.28713299057756
1012 5315 20.293678966852355
1013 8673 2.8997180681918215
1014 1191 41.41288531066553
1015 36489 24.059095640597562
1016 49507 41.50398727716113
1017 17031 89.99998571421952
1018 31086 13.201381241920812
1019 15639 19.747781843004677
1020 26236 78.42015136749669
1021 1022 25.71686895846622
1022 2863 35.995116579690716
1023 31295 313.92029229479056
1024 30690 12.560397577131631
1025 934 145.63824195324457
1026 38806 50.3725623439182
1027 17412 121.54775775022895
1028 19431 12.225815331962927
1029 47636 26.35501515837139
1030 9735 2.6853236385651207
1031 23043 7.507230535431052
1032 17753 3.8099342545216426
1033 8863 35.260997348250264
1034 1005 31.338254849057215
1035 53 0.5429751025873479
1036 10459 14.835667964484777
1037 9103 52.62032024858802
1038 1988 52.542943442209
1039 5790 3.8106477713410256
1040 28739 23.669692678112796
1041 14308 12.613992806144276
1042 35666 34.957318335065644
1043 71580 30.109322514235586
1044 15949 239.40998452502484
1045 1368 19.900218842712786
1046 12672 37.33943439120181
1047 312 3.0925286140321884
1048 42383 25.775134865489726
1049 28531 167.01796340369145
1050 70228 32.09390931540995
1051 1014 104.92571123881655
1052 20970 12.99116521003186
1053 16568 2.9604318630047706
1054 30374 17.643474796022222
1055 13131 10.799646948171189
1056 777 21.76873058871315
1057 23059 12.108630619138003
1058 8219 24.112461524918263
1059 8901 347.4059246606548
1060 1218 38.03351714370877
1061 603 10.251770664574508
1062 1012 15.177784221394075
1063 1136 52.2627583602704
1064 73 5.776655721957013
1065 16147 5.9711666617760395
1066 1390 22.445241059031932
1067 448 15.689908215790961
1068 856 60.5941077719279
1069 8489 309.3754353302023
1070 21454 10.576031240299184
1071 877 63.7290485515763
1072 26796 90.60969819165186
1073 22776 132.14571959406763
1074 16875 38.77272751842866
1075 37111 19.698368872751534
1076 1896 21.007039414854432
1077 13043 12.407050920699247
1078 356 47.087582645170556
1079 17110 157.28573568680628
1080 20003 64.07767294674724
1081 4910 116.51108229072877
1082 1437 55.59090196556895
1083 962 40.526067302242325
1084 27035 139.2086588818172
1085 1353 21.65542504444036
1086 2681 162.16342430930183
1087 6446 134.6684807033855
1088 14674 6.905055930761069
1089 2893 1.2385914529333726
1090 15006 13.309773636016846
1091 40475 237.37189631766634
1092 28258 11.288796704849597
1093 17080 14.778764612036813
1094 11518 7.077121206739182
1095 12788 99.65729377896731
1096 15449 3.2131515667254056
1097 23288 11.745087235925418
1098 30252 12.851207804823806
1099 9699 96.25076023518255
1100 10634 250.04143069388738
1101 2534 188.5724540036479
1102 3426 218.6051414137826
1103 27492 313.8476896418053
1104 2351 112.32074434321703
1105 11896 441.3353729824231
1106 1587 104.37195925232086
1107 56171 11.201798232269802
1108 48938 148.23688603962643
1109 953 50.5786756540957
1110 238 25.810806073232772
1111 5096 393.2094739435086
1112 757 61.12641448531808
1113 6981 169.5131645397585
1114 2506 127.41465636134221
1115 7647 200.65740613470024
1116 1798 140.8811152792986
1117 105 12.600326719660478
1118 15511 271.31191688919023
1119 3368 197.64214814894896
1120 1716 75.38237667510428
1121 1292 80.70343762210481
1122 197 10.392016874209455
1123 475 25.037933766488493
1124 4670 187.47753811986775
1125 1879 95.34499117370429
1126 41548 19.787543031087402
1127 25002 120.64151996071024
1128 13981 419.7555807208373
1129 197 85.58528070400327
1130 2616 23.63547514505859
1131 11506 370.04471565119223
1132 8187 378.01900124633784
1133 121 16.953986273295474
1134 183 40.61446848402387
1135 3286 164.67010735184874
1136 5459 647.4135212209477
1137 7569 579.3175034015602
1138 2774 178.96064962463146
1139 154 28.839054852763798
1140 295 44.953866195519055
1141 911 60.705951147264
1142 50 43.392052395609554
1143 455 25.687183878844227
1144 1860 79.42246720834228
1145 126 21.683776913252107
1146 718 8.622442266141773
1147 743 10.42191739884509
1148 17144 341.07067175600815
1149 1253 12.814374429534036
1150 2209 112.8546954657705
1151 4295 155.92777804375928
1152 161 4.713332648645476
1153 326 1.431922464505627
1154 699 109.37575502280319
1155 357 21.605571917707728
1156 148 14.906626594408932
1157 321 52.22985125799811
1158 9567 356.82977913411185
1159 33 36.15018911284531
1160 8255 41.524730230410334
1161 8689 225.73995477971326
1162 1183 26.270578859824834
1163 817 178.18849392352396
1164 27558 311.8794009856416
1165 151 25.43978350478844
1166 345 188.77044565457447
1167 7255 71.5027154565967
1168 3386 73.2751012746005
1169 2082 190.51595683068803
1170 436 33.292751935530205
1171 5930 230.27238620410597
1172 4987 1048.4197343771477
1173 9602 20.923517020156076
1174 9630 158.764904316159
1175 4787 372.46390755478404
1176 1855 966.990768296996
1177 126 285.89153849361463
1178 4627 439.18260007382275
1179 24334 74.5343349081154
1180 1436 260.891245828166
1181 4956 43.922496552107575
1182 5861 216.99230498365245
1183 459 79.08437374999421
1184 37620 250.68066415751733
1185 1657 18.350499693434873
1186 42083 6.3005145197583925
1187 44153 18.32042387841179
1188 42713 173.91481659374483
1189 648 210.41625521044884
1190 54713 723.5341001579931
1191 64548 245.9341780734119
1192 767 5.352283099381156
1193 6388 37.91432276906302
1194 1774 237.04136930364157
1195 1917 100.80989989142807
1196 871 98.48523506672618
1197 1256 555.7576544756192
1198 5387 40.908625831471035
1199 37 0.39341610849162234
1200 11031 553.1779757280729
1201 9227 121.57451501705799
1202 14102 234.54027624838417
1203 10831 166.76503597700068
1204 591 25.546542686684262
1205 916 144.4134706415628
1206 5137 32.56322152843951
1207 14618 137.7093538657322
1208 4248 358.91722085198853
1209 505 860.7980233885254
1210 8171 51.94099818223096
1211 123 133.09882632660847
1212 12612 477.70838667978387
1213 7898 51.236537003260246
1214 27593 468.9827041669691
1215 175 23.18198076593405
1216 360 115.76533443398193
1217 27770 30.882129955814467
1218 34603 20.961116036058854
1219 7941 50.51213480525779
1220 2435 281.1296604463032
1221 20103 366.8942053013373
1222 390 122.20207854244885
1223 545 53.59295718744643
1224 3976 181.23354818632365
1225 7680 326.6764235973294
1226 11381 102.89541959267765
1227 418 50.495872953851524
1228 2397 3.9142181353736003
1229 5609 56.9579828169088
1230 96 29.421445968089426
1231 59546 92.33584093825917
1232 19139 185.59600430581145
1233 16269 83.63995470249283
1234 3380 145.02952870824112
1235 596 59.44292367377764
1236 119 5.613544541519111
1237 85 1.7485942019808587
1238 45 2.2472100256835166
1239 103 3.664101532516753
1240 771 38.73031882773202
1241 1919 3.4629975119575844
1242 20139 9.423459490932004
1243 11 0.15844204683573823
1244 1347 104.46574076791089
1245 2294 36.63728364764624
1246 30347 32.8808434633674
1247 45341 354.42916801158924
1248 1023 155.21898325397646
1249 4273 182.15002000009267
1250 864 12.80685972290219
1251 375 31.174080729331564
1252 9838 77.14743041280501
1253 3796 282.5748663700372
1254 45307 7.112866159997653
1255 11691 2.324553241173318
1256 6099 1.2857546058128455
1257 11125 2.639154312684074
1258 1453 1.1916638223806442
1259 55514 7.327076804989058
1260 3736 0.9855454928748705
1261 39197 10.186325959811397
1262 36865 7.4370838783809035
1263 31944 10.278027542984756
1264 28415 6.760421283805176
1265 40396 8.00278958821431
1266 23341 13.408442819040088
1267 1150 1.1225916876834952
1268 40267 14.297639989065587
1269 32165 10.522419022790839
1270 31917 11.82338914311572
1271 15225 13.76218075141661
1272 15965 9.28097234427341
1273 35990 30.428159512708167
1274 19408 21.90749764091571
1275 50637 41.406835475685604
1276 17601 22.14045354650292
1277 13025 1.9609785836845577
1278 6648 7.141810695648011
1279 46077 13.812645077892252
1280 58811 10.955260410472944
1281 28804 5.7313740449762705
1282 39089 10.42111276191241
1283 7906 3.8640437716313745
1284 35120 12.037492451702478
1285 43710 13.14314043153868
1286 7126 4.547577054411063
1287 357 1.0483550502936694
1288 10392 9.47510529006312
1289 36929 7.374381657366753
1290 23514 9.608668843253328
1291 28736 6.641192159963675
1292 51111 11.33098300069344
1293 31395 7.8637534227957815
1294 235 0.4658847840221654
1295 30757 9.286582408876026
1296 56511 33.23107829071023
1297 49176 16.420832065631192
1298 13638 3.920172217014133
1299 49951 14.881011031711344
1300 54903 9.60314449333356
1301 49435 15.168925106988913
1302 7372 34.56759143285606
1303 29007 54.33693592402745
1304 44817 27.04879752338621
1305 10826 18.256894240436637
1306 6855 8.691679266467643
1307 3950 38.92844870323724
1308 40586 15.876094792717186
1309 22660 13.792835719702175
1310 24844 22.164193810936577
1311 13513 29.869582793433793
1312 4673 36.615519840246364
1313 12339 65.983471738093
1314 5591 37.58038029519828
1315 878 17.439991999962935
1316 28710 499.82227871326046
1317 4 0.24448337212373183
1318 11949 49.00637107198952
1319 37 23.48893469776694
1320 632 0.9943764218212594
1321 379 21.67679966084785
1322 1760 245.11651907267523
1323 386 1.789085123174316
1324 4525 165.17375563130022
1325 474 120.32400420388048
1326 505 126.27424181115897
1327 621 2.1449937219786346
1328 179 1.5721242723904512
1329 433 203.02123021419405
1330 7081 342.4249058296795
1331 3161 305.22046241140885
1332 709 0.5245873726055874
1333 1944 2.690539492847071
1334 5350 1160.6861703606348
1335 9447 18.992086835923566
1336 30463 152.87395771717863
1337 9227 216.3472494853258
1338 444 103.99383742318497
1339 4877 92.77342713556973
1340 404 215.22402536227966
1341 5452 214.29339132073198
1342 3585 17.199755365661925
1343 16620 47.53222061260516
1344 3352 102.9580955587439
1345 554 243.63517012434033
1346 3821 458.85015683470345
1347 1585 81.35726574794941
1348 23141 335.7634606801267
1349 19364 100.73861461906387
1350 3539 152.95511060282905
1351 6640 455.96086236692986
1352 277 204.82239956324122
1353 9574 214.48921848286557
1354 1541 127.42012704305967
1355 5616 170.70488550526102
1356 325 17.364183540618722
1357 2379 165.37818823870998
1358 5391 2.1546273573468295
1359 536 1.040833779924849
1360 17236 3.1069634299463935
1361 16867 5.078081442848384
1362 1413 12.876928387312992
1363 2955 4.047183230192572
1364 12061 4.442444907080651
1365 2939 11.845032872739178
1366 26387 22.852569201092823
1367 28024 6.000654829288784
1368 36003 8.797937673842505
1369 36953 8.025679269556461
1370 30165 14.345790019104335
1371 39271 103.64976208383978
1372 15508 2.9322259408151696
1373 4176 9.110656497250181
1374 29854 43.83247026627151
1375 694 1.2839966826101126
1376 61219 15.338767206643428
1377 21706 16.971076699969267
1378 48703 17.680929795813725
1379 33722 38.03388278246849
1380 59408 36.909770624419885
1381 93818 93.19389124582817
1382 42460 44.125504442491625
1383 581 1.2214936903182563
1384 451 59.629144227695264
1385 39454 62.47910916961777
1386 10657 71.01177109700895
1387 30783 13.140287136465497
1388 42431 289.0122687827125
1389 63293 169.90104973459336
1390 8447 5.95041868919856
1391 555 13.254308514170722
1392 675 3.910339739025818
1393 990 27.684782323315783
1394 53152 95.59244096883846
1395 34111 49.180099676137495
1396 12547 11.730192186218623
1397 882 1.3571726973252385
1398 12751 35.26834680315121
1399 4368 13.513666472585973
1400 779 1.824847837132836
1401 2868 25.256714702925265
1402 376 259.8494715033429
1403 270 62.10714760068387
1404 402 5.3162995349785405
1405 16230 115.07989998409259
1406 533 1.8452498621615234
1407 4039 132.832894978664
1408 32525 74.55628481676364
1409 75221 77.65988027743758
1410 34890 34.13313304926509
1411 57071 58.828327389933854
1412 8056 12.341953707893627
1413 8775 38.42820816158222
1414 70840 31.760073791847685
1415 12516 59.8890875170078
1416 4580 8.377035723717638
1417 14963 241.66370268896998
1418 40455 651.0709416414285
1419 6623 88.34296259287687
1420 18128 238.11057078256732
1421 396 10.103779245309244
1422 55878 176.3401309195255
1423 238 38.92816105711687
1424 38004 20.784288575854404
1425 289 2.7557019569202637
1426 265 124.79004497318134
1427 836 3.492588382648877
1428 6324 38.97094465302542
1429 1990 1.8498410031243389
1430 6082 14.976795645385229
1431 63844 59.36246499983784
1432 2885 9.004786894765536
1433 226 5.646653189126745
1434 25160 193.6246739367132
1435 4952 163.53325073320804
1436 5205 244.55191877336884
1437 166 12.205180101220547
1438 434 38.52402327732793
1439 2012 23.47062032719843
1440 23502 92.41485983718843
1441 12977 277.72787402875997
1442 11457 93.85223985593755
1443 65099 28.153463259289232
1444 456 50.399908030461916
1445 1290 52.4017192357648
1446 7092 109.92803673221653
1447 22210 69.45406349373047
1448 324 165.21524617102472
1449 3026 38.56591034398615
1450 14367 172.40564628098662
1451 21659 186.65542543054252
1452 296 0.8259783443012091
1453 813 20.5240391075171
1454 21513 708.0234468267806
1455 25996 93.08008647144311
1456 23727 73.33989037787047
1457 11887 425.36976426145606
1458 2395 325.0760852946037
1459 910 96.28742835874144
1460 19349 82.2595440596636
1461 22791 63.637788283188954
1462 149 15.94685535222557
1463 3749 349.6393913794195
1464 2005 114.54769211285921
1465 7334 43.99336560632713
1466 42954 91.67807920345577
1467 44295 126.38959910238967
1468 9467 100.12923418950204
1469 6139 704.0248719299085
1470 17081 186.6303121867746
1471 9773 31.680276897035817
1472 7683 145.52133060075954
1473 1599 67.01224098335591
1474 4466 17.306280569639704
1475 16375 104.829099980386
1476 17553 200.51913676820124
1477 2739 35.6412118511746
1478 2271 21.40764397364003
1479 5509 39.45559979428476
1480 2903 113.64759334792285
1481 68789 45.44783759615875
1482 335 2.527860746845159
1483 2268 79.8258165674899
1484 746 123.13608055326897
1485 52932 16.576879892879813
1486 35985 18.759069540090533
1487 63836 176.6032904399557
1488 8731 140.3361046460447
1489 168 2.8412919287656933
1490 654 46.51497227014179
1491 931 13.240685671130523
1492 188 75.25088069906116
1493 12602 167.5196024074243
1494 92 25.665720845038663
1495 50606 21.78576348616287
1496 6841 1.6286318701090507
1497 21334 4.997910801131125
1498 19690 5.574218876689776
1499 42117 8.69311016112816
1500 31340 2.1956294778199745
1501 860 0.3183810118039157
1502 22538 12.84427804298707
1503 1764 18.60801787498629
1504 11425 3.702041476640046
1505 5901 1.5133371274307061
1506 28330 6.94184297378984
1507 21696 24.652889511457197
1508 6083 17.64930725547763
1509 13122 10.889787134148884
1510 26689 8.567921550215676
1511 20299 8.11007773008987
1512 27108 9.18388926898503
1513 7955 14.576998812349709
1514 24614 8.663457127986693
1515 14060 13.334105795084765
1516 8762 11.45228780982769
1517 17655 20.125254248282232
1518 16131 20.547242689927522
1519 6946 28.98677020897394
1520 12081 37.94536345342141
1521 12134 16.994448236825807
1522 16792 11.421023186207812
1523 44935 7.58913014268792
1524 820 5.764895435808969
1525 42820 21.428232872121416
1526 55614 13.358296640756636
1527 26928 22.54465541925291
1528 14808 23.764509333633978
1529 40651 12.677554104497782
1530 34449 10.069399935443716
1531 26814 13.41069726963986
1532 14385 2.398446247627402
1533 18064 3.3440923278409014
1534 49301 10.86734764794277
1535 15036 13.253118161165226
1536 7194 1.6715513739832
1537 21310 4.916096136352755
1538 44072 9.286699397835047
1539 38891 13.91633243088385
1540 21780 814.8278022909759
1541 242 12.12196388554696
1542 1219 101.94008427838276
1543 258 178.5135765107792
1544 1207 521.1528655731223
1545 786 205.54297703309823
1546 3598 1085.250617377378
1547 1299 243.13843963755818
1548 7829 556.7126283982783
1549 128 212.37033955369677
1550 281 829.6422384968579
1551 275 45.11743606534084
1552 8578 359.34126644602213
1553 48149 951.4583565638142
1554 336 4.80480411492254
1555 1145 269.14251378770865
1556 23 445.65911232021153
1557 53040 572.6589594237503
1558 229 50.51010390781733
1559 13701 460.36226538501336
1560 984 117.96898248177212
1561 45 432.77194797813735
1562 1905 184.83952049198683
1563 1788 227.35068811129628
1564 989 59.68551862016349
1565 264 45.241679884231125
1566 1682 1708.1258805060102
1567 2335 244.8948056902194
1568 353 75.97651572130836
1569 1158 243.09795026077342
1570 120 77.57249763319366
1571 647 98.63477359740664
1572 323 17.11396693729855
1573 757 54.46922225122279
1574 1433 108.03551445026
1575 6712 191.8776287766584
1576 978 68.08601313982922
1577 471 22.017187724421888
1578 2098 134.5555875162356
1579 2962 156.2810325762127
1580 8989 205.512887704499
1581 352 5.8116948804396005
1582 562 15.96022375393245
1583 10494 252.06967715680537
1584 960 96.44642021507435
1585 4475 213.80198981616903
1586 850 64.29675658728921
1587 517 79.6977271709367
1588 2038 110.24026559196413
1589 26 2.1507690383121467
1590 934 91.54221757012002
1591 1071 75.1779768863794
1592 5381 168.81750649037755
1593 9067 187.19499433974212
1594 1837 156.2607236018082
1595 4733 194.4486982179068
1596 909 41.60561014182305
1597 249 412.2945388163961
1598 162 39.59879196351489
1599 1735 198.58271698556132
1600 14542 44.513655275622895
1601 2166 115.86434995065615
1602 802 174.36736540864283
1603 236 119.55881069719241
1604 976 66.64982077137037
1605 3423 4.686876155410759
1606 3771 943.3418313135041
1607 19277 384.1232496057897
1608 94 0.013168400780235276
1609 548 368.1716343859508
1610 1707 535.888809909544
1611 138 17.14519603951833
1612 10741 1918.508051002553
1613 405 58.198883160848624
1614 69 12.918367575448226
1615 5223 301.489841651776
1616 16177 300.87838785353443
1617 1425 116.27914415047483
1618 157 19.341850618612906
1619 109 11.769924802740398
1620 637 294.16390346210096
1621 5309 669.5656199951505
1622 5128 64.07894785612906
1623 779 223.90184664948254
1624 1839 541.4081740919263
1625 3194 265.5704424113162
1626 1169 429.06032769263794
1627 1487 144.59342282666947
1628 766 195.71856858024051
1629 19473 1220.782663857902
1630 489 160.18340084973366
1631 29 35.31226631165859
1632 1259 180.5218421861414
1633 137 19.340915479145078
1634 594 40.25300310271708
1635 63 40.93785376611783
1636 1206 384.8618530278905
1637 10 40.81599026713637
1638 837 484.4618017535216
1639 316 162.078025458033
1640 218 89.38670642489463
1641 686 95.25489191455713
1642 2739 146.03654959019116
1643 20840 489.8148887176311
1644 3197 393.84715334588424
1645 9919 763.533155752073
1646 28849 382.64552847349097
1647 377 22.740117328728935
1648 2646 535.8860929085386
1649 605 171.83120809826147
1650 3912 644.6198669646346
1651 315 84.30336356770765
1652 2661 316.95039668137457
1653 2366 534.9338911994959
1654 53 1.1648007635556612
1655 2105 204.07221732301463
1656 751 241.69404568669816
1657 5945 576.0048092886917
1658 147 19.348824396097587
1659 1106 287.5154521951453
1660 69 30.69689010142132
1661 75 99.66663938211296
1662 2686 371.9512561448161
1663 2229 242.48638874002506
1664 1150 119.08078222756244
1665 517 212.0764802771287
1666 2817 1.5951602864569256
1667 9963 2.6637548127636115
1668 10594 5.140984823095706
1669 7869 3.8318710356959182
1670 6 17.135738080639754
1671 27967 9.369123331845554
1672 33844 16.765526326762902
1673 17726 165.45816930425931
1674 43516 10.430192726761668
1675 18811 5.591507759881513
1676 1808 10.94097887712221
1677 19726 170.26190430225932
1678 11539 101.7400501469505
1679 6575 1.8386506037865813
1680 7819 90.10398426556416
1681 7040 860.5325611547235
1682 197 192.33542472011453
1683 976 147.81133503321252
1684 3153 853.4489206127596
1685 1406 857.3410394179432
1686 424 216.42648035434914
1687 158 63.89927945612103
1688 45 13.285499392275177
1689 180 77.41945754188822
1690 110 118.20633995215422
1691 3833 576.0938730218055
1692 262 383.4582036673529
1693 513 193.01489003037852
1694 211 198.92592398111498
1695 60 7.269957621425273
1696 2480 341.2766020537547
1697 90 52.956225279808244
1698 720 200.62969519549898
1699 2476 260.2405999564477
1700 64 7.6035881247326245
1701 1493 597.1417736298392
1702 1508 179.30340063351645
1703 45 60.88662457123353
1704 3202 543.7975164363696
1705 571 200.59839775319423
1706 319 174.3405818868659
1707 1067 405.7856376168538
1708 67 32.251984179077276
1709 48 89.24331695745309
1710 527 226.4370529902069
1711 3445 173.45527083523166
1712 971 87.89238251296918
1713 1571 131.41896294500205
1714 56 16.006123966597528
1715 11451 467.2677294257734
1716 2049 302.5408449768879
1717 6559 230.39200336063334
1718 61 70.91478416116213
1719 2319 178.25503168354447
1720 40 38.45826621590525
1721 3300 93.66052777078504
1722 114 181.59938192763826
1723 13258 747.5603879245773
1724 16972 432.1049070497624
1725 7230 277.2617718692133
1726 352 95.66325210773178
1727 1571 136.49070343183058
1728 56 15.064462074727759
1729 920 189.75917069886037
1730 2427 386.1800104865351
1731 7462 706.7303207582429
1732 392 1.432926330160603
1733 1326 324.7271450678536
1734 10 12.336337851758387
1735 1942 433.0603774998185
1736 6363 743.208962744229
1737 2303 218.21200986259396
1738 1116 108.55107475401431
1739 2899 211.51582941697026
1740 13574 849.5465357368452
1741 5369 115.73845901988734
1742 8172 197.17015677292713
1743 1096 0.8094462213724543
1744 645 31.67031044159278
1745 88 12.999690732157832
1746 1889 408.83504904269824
1747 1317 281.14173733623477
1748 1434 13.206461960441516
1749 3307 433.74869536075073
1750 95 112.46297782074666
1751 277 26.801091356407827
1752 236 20.703375073552465
1753 666 71.93516842549077
1754 197 10.18156531999376
1755 1263 129.86049472043885
1756 6291 47.695959209077415
1757 8408 2.750919309278653
1758 16869 132.04512028627158
1759 11289 28.820448975053168
1760 6025 1.0091490771385814
1761 19068 70.74845288858481
1762 9429 2.418062554729983
1763 7951 1.4876736880634196
1764 15650 3.117332589957946
1765 21187 4.77867696684309
1766 17121 3.1718517614753425
1767 17689 66.19921520871911
1768 32296 32.12697008634789
1769 32277 60.49794593642905
1770 39023 41.743269080783385
1771 3528 199.1299542700584
1772 1350 652.6685251051356
1773 175 79.43440703200169
1774 2787 375.0732802623024
1775 296 185.61001016220925
1776 730 182.95760134795992
1777 1242 11.903698395513802
1778 7982 274.27657464050026
1779 1338 180.23644086381867
1780 8197 574.7151867112898
1781 200 221.48515166865639
1782 124 135.72108017488884
1783 74 30.330527786229126
1784 2449 194.75768922481495
1785 3980 311.8743106145666
1786 2842 93.7476625374326
1787 979 219.2735773293158
1788 251 94.3880778598202
1789 619 352.1688517475757
1790 1383 89.1768127883218
1791 480 34.50171969908741
1792 940 123.54315772891611
1793 472 144.03782449957296
1794 181 60.21947939527133
1795 183 140.91403782565789
1796 4988 316.64619256923197
1797 111 77.91861583914674
1798 271 68.69451982016905
1799 178 37.44394761674572
1800 89 54.56258832087253
1801 791 157.73126130314117
1802 1186 164.22728560904528
1803 512 82.55288093998891
1804 1788 227.79653805345816
1805 2006 359.49189803196
1806 758 78.25312704151526
1807 174 91.40788258478418
1808 15652 956.2773491614633
1809 3469 166.25373862736043
1810 12995 304.2449270035228
1811 137 75.45197699757682
1812 662 125.32087059862826
1813 3669 116.10291360423291
1814 1161 16.367829117354983
1815 295 90.3413120060788
1816 333 158.08721546200215
1817 3373 315.6792958114092
1818 25085 249.0011486539706
1819 21519 114.79440638335004
1820 24288 58.40965788258478
1821 30098 10.95896814965938
1822 22885 62.471968595993495
1823 2865 3.7929932493895726
1824 321 0.09524793165064857
1825 27728 11.889110297036126
1826 20592 6.69474723435012
1827 33536 35.47973928836736
1828 19571 744.0105838328209
1829 32854 70.82024086598085
1830 592 164.19456460802135
1831 14786 768.3468112593572
1832 721 305.92666413898445
1833 397 19.125778188933694
1834 33640 910.9804153532758
1835 250 128.82862430250643
1836 4193 329.37954114073113
1837 210 1.830419291517953
1838 2137 1293.8697990106518
1839 13315 1732.8203532217137
1840 275 321.6874464283232
1841 963 529.3679966856989
1842 288 209.06600300850815
1843 490 58.473646596046
1844 339 247.08490657099568
1845 1362 535.5955807517255
1846 6125 391.75698111342604
1847 173 55.277117500158305
1848 255 65.41439303965888
1849 2245 219.38384270506273
1850 80 159.4808640040031
1851 230 313.9245081444393
1852 9066 173.27659317340468
1853 2197 52.875830698829496
1854 23 195.2342018573059
1855 30488 10.190068448193582
1856 39056 31.69550901394138
1857 34079 54.298632271655315
1858 20725 58.25017104326352
1859 6927 20.651651281782
1860 6115 237.9483325791471
1861 33 95.19273988914235
1862 12747 1156.3145643918042
1863 170 101.72718445027544
1864 878 104.38141219187116
1865 224 118.15151460161205
1866 303 669.8991806139643
1867 3976 461.34816725019573
1868 201 167.94864609411317
1869 91 158.37794769705496
1870 506 4.6249704631836135
1871 974 39.845852567656685
1872 7142 11.401753598858374
1873 7682 2009.8804859327533
1874 29 348.1709702902098
1875 200 818.63829793806
1876 12690 11.839064891420346
1877 5772 19.183011658741275
1878 579 1650.8495216966255
1879 8699 29.41057024202429
1880 1938 483.543722210296
1881 498 620.370843030933
1882 2503 1473.5914540916792
1883 5138 468.47047862770023
1884 104 439.7053909130081
1885 167 831.9600017451818
1886 927 807.4557534629504
1887 13208 14.014732886793299
1888 641 673.3088801955839
1889 799 531.9497082611966
1890 3729 31.16711467389038
1891 213 709.0395221908364
1892 2336 1821.4634944254567
1893 11328 2.1993055566280617
1894 21236 6.55732381771653
1895 18451 3.050912204998633
1896 35060 8.764772655317321
1897 26036 6.505965664705783
1898 4374 4.151487188357629
1899 55132 13.613195119050745
1900 3673 19.504937088511607
1901 1565 6.237811912642067
1902 77161 23.685155684119
1903 40057 8.9413835122016
1904 2995 1.6743031241843591
1905 153 0.004928594263757207
1906 8935 6.516822857866523
1907 59058 12.241700733748573
1908 40641 17.03682333663322
1909 39016 28.32044395572489
1910 49544 104.10309816107257
1911 28410 10.970635385183252
1912 24986 14.273177327462522
1913 19174 59.237293377421054
1914 18042 3.505684582322389
1915 111086 26.629926470701793
1916 53520 364.38270254533995
1917 12799 11.392936569590283
1918 162 367.4906814240066
