0 0
1 1
2 2
3 2
4 3
5 4
6 4
7 4
8 4
9 4
10 4
11 4
12 4
13 4
14 4
15 4
16 4
17 4
18 4
19 4
20 4
21 4
22 4
23 4
24 4
25 4
26 4
27 4
28 4
29 4
30 4
31 4
32 4
33 4
34 4
35 4
36 4
37 4
38 4
39 4
40 4
41 4
42 4
43 4
44 4
45 4
46 4
47 4
48 4
49 4
50 4
51 4
52 4
53 4
54 4
55 4
56 4
57 4
58 4
59 4
60 4
61 4
62 4
63 4
64 5
65 4
66 4
67 4
68 6
69 4
70 7
71 8
72 8
73 8
74 9
75 9
76 9
77 10
78 10
79 11
80 11
81 11
82 12
83 13
84 13
85 13
86 14
87 15
88 16
89 17
90 18
91 19
92 19
93 20
94 21
95 22
96 23
97 24
98 25
99 25
100 26
101 27
102 28
103 29
104 30
105 31
106 31
107 31
108 31
109 31
110 32
111 32
112 32
113 32
114 32
115 33
116 33
117 33
118 33
119 33
120 34
121 34
122 34
123 34
124 34
125 34
126 35
127 35
128 36
129 37
130 38
131 39
132 40
133 41
134 42
135 43
136 44
137 45
138 46
139 47
140 48
141 49
142 50
143 50
144 50
145 51
146 52
147 53
148 54
149 55
150 55
151 56
152 57
153 58
154 59
155 60
156 60
157 61
158 62
159 62
160 62
161 62
162 62
163 62
164 62
165 62
166 62
167 62
168 62
169 62
170 63
171 64
172 64
173 65
174 65
175 66
176 67
177 68
178 69
179 70
180 71
181 72
182 73
183 74
184 74
185 74
186 74
187 74
188 74
189 75
190 76
191 76
192 76
193 76
194 76
195 76
196 76
197 76
198 76
199 77
200 78
201 79
202 80
203 80
204 81
205 82
206 83
207 84
208 85
209 86
210 87
211 87
212 88
213 87
214 89
215 90
216 91
217 92
218 93
219 94
220 95
221 96
222 97
223 98
224 99
225 99
226 100
227 101
228 102
229 101
230 103
231 103
232 104
233 105
234 106
235 97
236 96
237 107
238 108
239 109
240 107
241 107
242 107
243 109
244 84
245 110
246 110
247 110
248 110
249 110
250 111
251 111
252 112
253 111
254 111
255 113
256 115
257 116
258 117
259 118
260 119
261 118
262 120
263 121
264 121
265 121
266 115
267 122
268 122
269 123
270 115
271 115
272 124
273 124
274 125
275 126
276 125
277 127
278 128
279 129
280 130
281 130
282 131
283 132
284 132
285 133
286 132
287 134
288 135
289 135
290 135
291 136
292 137
293 138
294 138
295 139
296 140
297 140
298 141
299 142
300 142
301 142
302 143
303 143
304 144
305 145
306 146
307 147
308 148
309 148
310 148
311 148
312 148
313 149
314 150
315 151
316 152
317 153
318 154
319 155
320 155
321 156
322 157
323 158
324 159
325 160
326 161
327 161
328 162
329 163
330 164
331 165
332 166
333 166
334 166
335 166
336 167
337 168
338 168
339 168
340 169
341 170
342 170
343 170
344 171
345 170
346 172
347 173
348 174
349 175
350 176
351 175
352 175
353 175
354 177
355 178
356 179
357 180
358 181
359 182
360 183
361 184
362 185
363 186
364 187
365 184
366 188
367 189
368 188
369 188
370 190
371 183
372 191
373 191
374 191
375 191
376 191
377 191
378 191
379 191
380 191
381 191
382 191
383 191
384 191
385 191
386 191
387 192
388 191
389 191
390 191
391 191
392 191
393 191
394 191
395 191
396 191
397 191
398 191
399 191
400 191
401 191
402 191
403 191
404 191
405 191
406 191
407 191
408 193
409 194
410 194
411 195
412 196
413 197
414 198
415 199
416 200
417 201
418 202
419 203
420 204
421 205
422 206
423 207
424 208
425 208
426 209
427 210
428 211
429 212
430 213
431 214
432 215
433 216
434 217
435 218
436 219
437 220
438 196
439 221
440 221
441 222
442 223
443 224
444 225
445 226
446 227
447 228
448 229
449 230
450 230
451 231
452 232
453 233
454 234
455 235
456 236
457 237
458 238
459 239
460 240
461 240
462 241
463 242
464 243
465 244
466 245
467 246
468 247
469 248
470 249
471 250
472 251
473 252
474 253
475 254
476 255
477 256
478 257
479 257
480 257
481 258
482 259
483 260
484 261
485 262
486 262
487 263
488 264
489 265
490 266
491 267
492 268
493 269
494 270
495 271
496 272
497 273
498 274
499 275
500 276
501 276
502 277
503 277
504 278
505 279
506 280
507 281
508 282
509 283
510 284
511 285
512 285
513 285
514 286
515 287
516 288
517 289
518 289
519 289
520 289
521 289
522 289
523 289
524 290
525 290
526 290
527 290
528 290
529 290
530 290
531 290
532 291
533 292
534 292
535 293
536 294
537 295
538 295
539 295
540 296
541 297
542 298
543 298
544 298
545 298
546 299
547 300
548 300
549 301
550 302
551 302
552 303
553 303
554 304
555 305
556 305
557 305
558 306
559 306
560 306
561 307
562 308
563 309
564 309
565 309
566 309
567 310
568 309
569 309
570 309
571 309
572 309
573 311
574 312
575 313
576 313
577 314
578 315
579 316
580 317
581 317
582 317
583 317
584 318
585 319
586 320
587 321
588 322
589 323
590 323
591 323
592 323
593 324
594 324
595 325
596 326
597 327
598 328
599 328
600 329
601 330
602 331
603 331
604 332
605 333
606 333
607 333
608 333
609 333
610 333
611 334
612 335
613 335
614 336
615 336
616 336
617 336
618 336
619 336
620 336
621 337
622 337
623 338
624 338
625 338
626 338
627 339
628 339
629 339
630 339
631 340
632 341
633 342
634 342
635 342
636 342
637 342
638 343
639 344
640 344
641 344
642 344
643 344
644 345
645 345
646 346
647 346
648 346
649 347
650 347
651 348
652 349
653 350
654 351
655 352
656 353
657 353
658 353
659 353
660 354
661 355
662 356
663 357
664 358
665 359
666 360
667 359
668 361
669 362
670 363
671 363
672 363
673 363
674 363
675 363
676 363
677 364
678 365
679 366
680 367
681 368
682 369
683 370
684 371
685 372
686 373
687 374
688 375
689 376
690 377
691 378
692 379
693 380
694 381
695 382
696 383
697 384
698 385
699 386
700 387
701 388
702 389
703 390
704 391
705 392
706 393
707 394
708 395
709 396
710 397
711 398
712 399
713 400
714 401
715 402
716 403
717 404
718 404
719 405
720 406
721 407
722 408
723 409
724 410
725 411
726 412
727 413
728 414
729 415
730 416
731 417
732 418
733 419
734 420
735 421
736 422
737 423
738 418
739 418
740 424
741 424
742 424
743 424
744 424
745 424
746 424
747 424
748 424
749 424
750 424
751 425
752 426
753 425
754 427
755 428
756 429
757 430
758 431
759 432
760 433
761 434
762 435
763 436
764 437
765 438
766 438
767 439
768 440
769 441
770 442
771 443
772 444
773 445
774 446
775 447
776 448
777 449
778 450
779 450
780 450
781 451
782 452
783 453
784 454
785 455
786 456
787 457
788 458
789 459
790 460
791 461
792 462
793 463
794 464
795 465
796 466
797 466
798 467
799 468
800 469
801 470
802 471
803 472
804 473
805 474
806 474
807 474
808 475
809 476
810 477
811 478
812 479
813 480
814 481
815 481
816 481
817 482
818 483
819 484
820 485
821 486
822 487
823 488
824 489
825 481
826 488
827 490
828 491
829 492
830 493
831 494
832 495
833 496
834 497
835 498
836 499
837 499
838 500
839 501
840 502
841 503
842 499
843 504
844 505
845 506
846 507
847 508
848 509
849 510
850 511
851 512
852 513
853 514
854 515
855 516
856 517
857 518
858 518
859 518
860 519
861 520
862 521
863 522
864 523
865 524
866 525
867 526
868 527
869 528
870 529
871 530
872 531
873 532
874 533
875 534
876 535
877 536
878 537
879 538
880 539
881 540
882 541
883 542
884 543
885 527
886 527
887 527
888 527
889 527
890 527
891 527
892 527
893 527
894 527
895 527
896 527
897 527
898 527
899 527
900 527
901 527
902 544
903 544
904 544
905 544
906 544
907 545
908 546
909 547
910 548
911 549
912 550
913 551
914 552
915 553
916 554
917 555
918 556
919 556
920 557
921 558
922 559
923 560
924 561
925 562
926 563
927 564
928 565
929 566
930 566
931 567
932 568
933 569
934 570
935 570
936 571
937 572
938 573
939 574
940 575
941 576
942 577
943 577
944 577
945 578
946 579
947 580
948 580
949 580
950 580
951 581
952 582
953 583
954 584
955 585
956 585
957 585
958 585
959 586
960 586
961 586
962 586
963 586
964 586
965 586
966 586
967 586
968 586
969 586
970 586
971 586
972 586
973 586
974 586
975 586
976 586
977 586
978 586
979 586
980 586
981 586
982 586
983 586
984 586
985 586
986 586
987 587
988 587
989 587
990 588
991 587
992 589
993 589
994 589
995 589
996 590
997 590
998 591
999 592
1000 593
1001 594
1002 595
1003 596
1004 597
1005 598
1006 599
1007 600
1008 601
1009 602
1010 603
1011 604
1012 605
1013 605
1014 605
1015 605
1016 606
1017 607
1018 593
1019 608
1020 609
1021 596
1022 610
1023 610
1024 611
1025 612
1026 612
1027 612
1028 613
1029 613
1030 613
1031 613
1032 614
1033 615
1034 616
1035 617
1036 618
1037 618
1038 614
1039 619
1040 612
1041 620
1042 621
1043 621
1044 622
1045 623
1046 624
1047 625
1048 626
1049 627
1050 628
1051 629
1052 630
1053 631
1054 632
1055 633
1056 634
1057 620
1058 635
1059 636
1060 636
1061 636
1062 637
1063 638
1064 638
1065 639
1066 640
1067 641
1068 627
1069 642
1070 642
1071 642
1072 642
1073 643
1074 643
1075 643
1076 643
1077 644
1078 645
1079 645
1080 645
1081 645
1082 645
1083 645
1084 646
1085 645
1086 645
1087 645
1088 645
1089 645
1090 645
1091 645
1092 645
1093 647
1094 647
1095 647
1096 647
1097 648
1098 647
1099 647
1100 647
1101 647
1102 647
1103 649
1104 650
1105 649
1106 649
1107 651
1108 652
1109 652
1110 653
1111 654
1112 655
1113 656
1114 657
1115 658
1116 659
1117 660
1118 661
1119 662
1120 663
1121 664
1122 665
1123 666
1124 667
1125 668
1126 669
1127 670
1128 669
1129 669
1130 671
1131 672
1132 673
1133 673
1134 674
1135 675
1136 676
1137 677
1138 678
1139 679
1140 680
1141 681
1142 682
1143 683
1144 684
1145 685
1146 686
1147 687
1148 688
1149 689
1150 690
1151 691
1152 692
1153 693
1154 694
1155 695
1156 696
1157 697
1158 698
1159 699
1160 700
1161 700
1162 700
1163 701
1164 702
1165 703
1166 704
1167 705
1168 706
1169 707
1170 708
1171 708
1172 708
1173 708
1174 709
1175 709
1176 709
1177 709
1178 710
1179 711
1180 712
1181 713
1182 714
1183 715
1184 715
1185 715
1186 715
1187 715
1188 715
1189 715
1190 715
1191 715
1192 715
1193 715
1194 715
1195 715
1196 715
1197 715
1198 715
1199 715
1200 715
1201 715
1202 715
1203 715
1204 715
1205 715
1206 715
1207 715
1208 715
1209 715
1210 716
1211 715
1212 717
1213 717
1214 717
1215 717
1216 717
1217 717
1218 717
1219 717
1220 717
1221 717
1222 717
1223 717
1224 718
1225 719
1226 720
1227 721
1228 722
1229 723
1230 724
1231 725
1232 726
1233 727
1234 728
1235 729
1236 730
1237 731
1238 732
1239 733
1240 733
1241 734
1242 735
1243 736
1244 737
1245 738
1246 738
1247 739
1248 740
1249 741
1250 742
1251 743
1252 744
1253 745
1254 746
1255 747
1256 748
1257 749
1258 750
1259 751
1260 752
1261 753
1262 754
1263 755
1264 756
1265 757
1266 758
1267 759
1268 760
1269 761
1270 762
1271 763
1272 764
1273 765
1274 766
1275 767
1276 768
1277 769
1278 770
1279 771
1280 772
1281 773
1282 774
1283 774
1284 775
1285 776
1286 776
1287 777
1288 778
1289 776
1290 779
1291 779
1292 779
1293 779
1294 779
1295 779
1296 779
1297 780
1298 781
1299 782
1300 783
1301 784
1302 785
1303 786
1304 787
1305 788
1306 789
1307 790
1308 791
1309 792
1310 747
1311 747
1312 793
1313 794
1314 794
1315 795
1316 796
1317 797
1318 798
1319 799
1320 800
1321 747
1322 801
1323 801
1324 801
1325 801
1326 801
1327 801
1328 802
1329 803
1330 804
1331 805
1332 806
1333 807
1334 808
1335 809
1336 810
1337 811
1338 812
1339 813
1340 814
1341 815
1342 816
1343 817
1344 818
1345 819
1346 820
1347 821
1348 822
1349 823
1350 824
1351 825
1352 826
1353 827
1354 828
1355 829
1356 830
1357 831
1358 832
1359 833
1360 834
1361 835
1362 836
1363 837
1364 838
1365 839
1366 840
1367 841
1368 842
1369 843
1370 844
1371 845
1372 846
1373 847
1374 848
1375 849
1376 850
1377 851
1378 852
1379 853
1380 854
1381 855
1382 856
1383 857
1384 858
1385 859
1386 860
1387 861
1388 862
1389 862
1390 863
1391 864
1392 865
1393 866
1394 867
1395 868
1396 869
1397 870
1398 871
1399 872
1400 873
1401 874
1402 875
1403 876
1404 877
1405 878
1406 879
1407 880
1408 881
1409 882
1410 883
1411 884
1412 885
1413 886
1414 887
1415 888
1416 889
1417 890
1418 891
1419 892
1420 893
1421 894
1422 895
1423 896
1424 897
1425 898
1426 899
1427 900
1428 901
1429 902
1430 903
1431 904
1432 905
1433 906
1434 907
1435 908
1436 908
1437 908
1438 909
1439 910
1440 911
1441 912
1442 913
1443 914
1444 915
1445 916
1446 917
1447 917
1448 918
1449 919
1450 913
1451 920
1452 921
1453 922
1454 923
1455 924
1456 925
1457 926
1458 927
1459 928
1460 929
1461 930
1462 931
1463 932
1464 933
1465 934
1466 935
1467 936
1468 937
1469 938
1470 939
1471 940
1472 941
1473 942
1474 943
1475 944
1476 945
1477 946
1478 947
1479 948
1480 949
1481 950
1482 951
1483 952
1484 953
1485 954
1486 955
1487 956
1488 957
1489 958
1490 959
1491 960
1492 961
1493 962
1494 963
1495 964
1496 965
1497 951
1498 966
1499 967
1500 968
1501 969
1502 970
1503 971
1504 972
1505 973
1506 974
1507 974
1508 975
1509 976
1510 909
1511 977
1512 978
1513 979
1514 980
1515 981
1516 982
1517 983
1518 984
1519 985
1520 986
1521 987
1522 988
1523 989
1524 990
1525 991
1526 992
1527 993
1528 994
1529 995
1530 996
1531 997
1532 998
1533 960
1534 999
1535 951
1536 921
1537 921
1538 1000
1539 965
1540 980
1541 1001
1542 1001
1543 1001
1544 1001
1545 1001
1546 1001
1547 1001
1548 1001
1549 1001
1550 1001
1551 1001
1552 1001
1553 1001
1554 1001
1555 1001
1556 1001
1557 1001
1558 1001
1559 1001
1560 1001
1561 1001
1562 1001
1563 1001
1564 1001
1565 1001
1566 1001
1567 1001
1568 1002
1569 1001
1570 1003
1571 1004
1572 1005
1573 1006
1574 1007
1575 1008
1576 1009
1577 1010
1578 1011
1579 1012
1580 1013
1581 1014
1582 1015
1583 1016
1584 1017
1585 1017
1586 1018
1587 1019
1588 1020
1589 1021
1590 1022
1591 1023
1592 1024
1593 1025
1594 1026
1595 1027
1596 1028
1597 1029
1598 1030
1599 1031
1600 1032
1601 1033
1602 1030
1603 1034
1604 1035
1605 1036
1606 1037
1607 1038
1608 1039
1609 1040
1610 1041
1611 1042
1612 1043
1613 1044
1614 1045
1615 1046
1616 1046
1617 1047
1618 1048
1619 1049
1620 1050
1621 1017
1622 1052
1623 1053
1624 1054
1625 1055
1626 1056
1627 1057
1628 1058
1629 1059
1630 1060
1631 1061
1632 1062
1633 1063
1634 1063
1635 1064
1636 1064
1637 1064
1638 1065
1639 1066
1640 1067
1641 1068
1642 1069
1643 1070
1644 1071
1645 1072
1646 1073
1647 1074
1648 1075
1649 1076
1650 1077
1651 1078
1652 1079
1653 1080
1654 1081
1655 1082
1656 1083
1657 1084
1658 1085
1659 1086
1660 1087
1661 1088
1662 1089
1663 1090
1664 1091
1665 1092
1666 1093
1667 1094
1668 1095
1669 1096
1670 1097
1671 1098
1672 1099
1673 1064
1674 1100
1675 1101
1676 1102
1677 1103
1678 1104
1679 1105
1680 1106
1681 1107
1682 1108
1683 1109
1684 1110
1685 1111
1686 1112
1687 1113
1688 1114
1689 1115
1690 1116
1691 1117
1692 1118
1693 1119
1694 1120
1695 1121
1696 1122
1697 1123
1698 1124
1699 1125
1700 1126
1701 1127
1702 1128
1703 1129
1704 1130
1705 1131
1706 1132
1707 1133
1708 1134
1709 1135
1710 1136
1711 1137
1712 1138
1713 1139
1714 1140
1715 1141
1716 1142
1717 1143
1718 1144
1719 1145
1720 1146
1721 1147
1722 1148
1723 1149
1724 1150
1725 1151
1726 1152
1727 1153
1728 1154
1729 1155
1730 1156
1731 1157
1732 1158
1733 1159
1734 1160
1735 1161
1736 1162
1737 1163
1738 1164
1739 1165
1740 1166
1741 1167
1742 1168
1743 1169
1744 1170
1745 1171
1746 1172
1747 1173
1748 1174
1749 1175
1750 1176
1751 1176
1752 1177
1753 1178
