0 415 404.2327485687192
1 2673 478.04759365680457
2 10227 462.5488577553255
3 5252 72.71041834942865
4 1417 14.578988010755262
5 57110 3.5023637175152933
6 51223 3.0620219089818175
7 66266 3.5512349864169255
8 62180 3.0481013811647
9 37681 1.0840092695410173
10 59185 1.9197888175543671
11 40920 2.4671264886169357
12 32327 3.6730946243766383
13 3800 0.45732026557652006
14 103892 4.285905571763267
15 31103 3.232092967226103
16 11772 0.6709262745618899
17 7005 0.28317969040783203
18 18986 1.710585917772592
19 47596 3.627073561730788
20 23768 0.7262863766164167
21 49310 2.895892181739838
22 64458 3.888071296083225
23 38967 1.1303021481180608
24 3951 2.0704856547597905
25 67179 4.382864708253474
26 45903 4.224142737340868
27 47452 2.936690440264588
28 42147 2.5690219414144004
29 67869 4.223971694077347
30 45151 8.134054289054621
31 28714 1.5242904600330194
32 38617 1.3617398999532044
33 39316 3.4534032590112385
34 45786 4.767329810022286
35 48852 3.267363787013685
36 57964 3.1118178925925526
37 28418 2.0480125776644527
38 36865 2.4703207119106345
39 62276 2.8371390137714925
40 28917 1.5664921999638608
41 28514 3.7703197852654142
42 12520 5.580829332027793
43 27425 3.6076703830288017
44 62430 4.6551586339396165
45 44789 4.130841532856523
46 89779 5.13658171389211
47 39480 10.731338909678346
48 48581 5.784290120263106
49 48606 4.731011495033954
50 21397 1.8857589301572053
51 35482 15.018998157520421
52 7827 1.5795285538002493
53 44998 0.8856029448785091
54 3223 5.807272080025081
55 40952 3.3142103361096655
56 26872 2.6617455370449594
57 32821 1.9364278907855943
58 55758 3.272454158088763
59 25403 4.011227079044382
60 45527 5.278807083276061
61 55277 4.921230909177957
62 2424 0.32815209954640717
63 22286 7.748176439427518
64 20483 2.114192807070921
65 539 0.33911354029439517
66 9377 7.332635131900225
67 3217 0.2867812514961459
68 5464 0.6096422068364795
69 3 0.39733234285255375
70 101279 5.938469212984771
71 21741 10.124668917384945
72 8434 0.7003800789810609
73 11555 0.9553264339448677
74 49328 6.909975644674802
75 53704 5.332982623857717
76 31869 2.5717933828264843
77 31766 4.509246374886679
78 15149 2.1060827308852397
79 25876 2.944435649894903
80 42399 4.9236648972890995
81 43497 4.551734602631363
82 16654 5.462855812459363
83 47487 3.754315464009872
84 9947 4.694048389413387
85 26669 2.977863990103429
86 93193 6.694402059005679
87 19506 1.4266977298736518
88 75066 3.717358536024105
89 34924 2.678445614419835
90 69745 4.83158802280165
91 1612 0.2259168768349506
92 18116 107.77874994015416
93 35135 3.933261466848495
94 27372 1.2616008259497726
95 22986 22.831756363349946
96 25209 12.043599429804308
97 41804 13.523141806062421
98 35293 3.57949612121755
99 40071 3.6064564777906307
100 94396 7.305322650143553
101 6368 20.047659294174338
102 28341 2.4986011518200084
103 21576 2.0358623283196677
104 12132 2.858660349005478
105 36568 2.4775369615612117
106 29415 1.8932852198543004
107 26176 2.2268392749310038
108 28210 1.5666230886011827
109 14853 2.3113195891255094
110 6722 0.8486494918123173
111 12250 2.0038355390063582
112 24525 1.4276830626242283
113 21360 1.9927130936513993
114 27186 2.6456373543043443
115 43180 5.66025788536472
116 18010 2.235221939252228
117 44383 5.305172456397481
118 32102 4.453195536041093
119 36678 5.730178672642499
120 31974 11.340021652609973
121 25777 3.717822244736269
122 20063 3.2727047384003325
123 39407 4.260693485838544
124 40331 5.651733907647449
125 32396 3.782934515526713
126 45113 6.395396812649325
127 35153 4.153482178295807
128 15554 1.8123257713935355
129 47993 6.1261322446281605
130 67619 13.900386411056731
131 49012 7.868276995877973
132 62549 8.489632384397147
133 105549 9.81020413994196
134 62928 7.749427024372314
135 14866 8.46322376783213
136 29945 2.702380860451863
137 16591 1.6300708729152413
138 49399 8.781973893315335
139 4090 74.79049709882825
140 76615 6.108231003386888
141 25457 2.3540649609187376
142 31499 4.284072744738586
143 27925 3.3941995098046784
144 20388 1.7012271871529907
145 14184 0.930585392673634
146 21318 1.9809844678817046
147 21751 6.120378550016448
148 54099 4.685371901336994
149 59662 9.681643312633108
150 21115 3.4264162613880838
151 23729 8.780236433527877
152 831 0.18429544847312035
153 456 0.08286254608129459
154 53815 8.420587662954423
155 57251 8.307033854983112
156 25990 5.83283590503122
157 11074 2.1785131823004584
158 39347 6.485398774048374
159 32031 4.032815209954641
160 40311 2.114059215718374
161 93524 7.3674190768451435
162 42399 3.441929460677038
163 31481 5.838606588138632
164 38232 6.873094006613158
165 36735 6.696173881886711
166 58911 3.209203671986125
167 19131 1.3544931482308027
168 39733 7.124510615493199
169 117 0.16248028948396673
170 36126 8.254437086194994
171 31715 6.317554753149436
172 34095 5.558829230096819
173 1391 2.0270831370647278
174 26074 7.040429917049809
175 20280 11.853855693539893
176 40598 8.488651298770495
177 8415 0.7521104344884996
178 10917 2.9510758351003945
179 25616 3.413183381544625
180 20372 8.203115226788695
181 27585 49.88621182800847
182 156 0.010005837864885861
183 20460 1.3300277839125123
184 27480 5.392849696600911
185 36751 3.805606821344346
186 11254 3.691883900620389
187 24229 2.9451437612838363
188 32940 8.2291041502895
189 13361 3.811762062218049
190 22781 2.353376926842904
191 22830 2.049617990508064
192 13220 0.818535452673912
193 16032 1.1239882192504367
194 37810 1.890919957930307
195 33065 5.881950804405271
196 10506 4.540681655667902
197 16245 6.901795683995447
198 328 0.044018350664172964
199 30356 7.546491335094989
200 25488 34.06851846417821
201 25709 26.70939517866492
202 26855 2.1633733438147202
203 50231 9.40586520091985
204 45061 4.138305660103445
205 24474 8.058999887258166
206 36557 32.07563471336547
207 26898 5.007180342148303
208 44274 18.23802890206441
209 34882 25.884031509026297
210 27669 4.389412228936968
211 32417 4.824988764426708
212 33708 8.160393021125966
213 2702 0.3368872751533984
214 103689 8.852732522312845
215 74363 6.564552422636707
216 34188 3.38117319462484
217 91725 55.30317206102885
218 60254 5.911262137121871
219 51747 16.41711853491213
220 18496 3.240880266626718
221 33348 16.949984324251695
222 32362 9.571134306413775
223 47807 11.710629933420542
224 28722 8.725231159372166
225 32605 15.496816587567201
226 29458 7.334469889435781
227 42402 14.455155776783522
228 20438 33.513167628575886
229 36045 19.63026739892231
230 25851 7.59915798837678
231 39499 7.430892343902752
232 13811 5.292800198302077
233 20158 37.61547582459841
234 29855 108.55753694611712
235 40328 49.523351845645614
236 19786 143.12038627205996
237 39285 3.4521241025054943
238 69817 3.72698213273575
239 23484 3.630916436678471
240 51145 3.3099392738499174
241 51558 8.131767791974326
242 24628 2.0423955632226867
243 30991 4.363065774822123
244 14372 5.694762678437121
245 20849 3.972509525140657
246 11371 1.3428189628677816
247 24939 4.935655686435613
248 30778 5.040355399330036
249 18904 2.4478874033393203
250 37180 2.650454365039529
251 17473 2.0481851653366734
252 29034 5.150676373790149
253 56343 5.46421180329793
254 44958 3.3325223900651277
255 27927 2.4395224997181453
256 38976 7.289612924847528
257 59705 169.34358498958295
258 76571 13.43684063401066
259 3369 9.491929306236168
260 74796 34.18632673201574
261 80358 21.53080979525774
262 35705 15.000380696744541
263 34409 4.129957358875794
264 18275 2.323582194203216
265 26184 6.237152064025007
266 66925 14.481525397028866
267 29591 3.814907636637699
268 61386 4.612967704869675
269 43896 6.678825925062201
270 24740 8.366596679212414
271 34794 29.399659380661223
272 25356 4.978691407064434
273 25824 14.82612931025163
274 85040 8.788670449438376
275 54013 12.808077489162113
276 30485 5.572301107186597
277 45406 14.46543574719265
278 33249 25.245916197295124
279 30047 15.089523580804235
280 32742 4.5347183075751705
281 27496 3.1068062863611723
282 476 82.23356092769542
283 56913 29.15360534488963
284 55857 13.640402967117994
285 36375 5.178262988091064
286 54086 8.03806040800189
287 46457 18.919525881973197
288 71599 10.16884518383869
289 48068 5.61424454476237
290 34537 8.653698395513802
291 62097 6.423171072607286
292 33119 14.305046587088434
293 23988 3.067490660188387
294 38475 3.405147050874367
295 34332 3.8265076903831217
296 25938 9.207624127988238
297 51165 8.954142644676345
298 43079 15.631673969145803
299 44907 5.773066130036124
300 32414 6.639476708000191
301 30854 3.837153299551967
302 52735 4.357853395459747
303 30322 3.2661247851341395
304 17403 89.35692018650279
305 17653 8.724757025901278
306 1700 65.8454896316122
307 3627 105.5293468541167
308 75802 12.23514626322593
309 82999 11.766051039618716
310 40971 10.200212510637115
311 15448 6.293687074998031
312 24659 7.610060355491995
313 1622 39.79489287209053
314 992 36.3983582163315
315 592 14.465619145725771
316 25718 2.63974350460311
317 737 46.698454201332204
318 8624 96.61636231519219
319 31779 8.068399544708315
320 38069 5.859185834065641
321 25460 3.9239019640245436
322 78 19.762465308719577
323 60322 7.612288165041691
324 1646 51.620397082920846
325 1118 33.67257261423605
326 58368 9.666188414772579
327 8896 6.736054761643683
328 165 3.58346795429168
329 4746 17.38442031391651
330 3881 694.0575813478672
331 10429 2.45566157063276
332 27649 10.306003734380237
333 40747 12.727641981352809
334 14382 8.136297928793493
335 22405 6.800163552881326
336 13154 6.0409866763861455
337 42598 27.72994199200923
338 57767 11.143881747714662
339 65068 29.729021138321876
340 49121 16.93838504271062
341 49978 22.112221755467594
342 48922 37.217674367603244
343 53881 63.07548143080199
344 46239 94.38665314279449
345 19021 23.635950436836
346 3440 178.72455972768986
347 46781 13.066652432366482
348 41281 64.29634036914457
349 40375 11.961423759492321
350 15655 98.40417021237164
351 51835 12.44833064863621
352 54096 15.099322081801152
353 42436 28.091671081101534
354 1618 27.84603326347458
355 218 69.62072411146306
356 2499 39.70161792255408
357 47904 40.93980898753199
358 35414 165.17792167376837
359 378 19.83726488308054
360 9535 22.52471053919941
361 46369 16.451928348702776
362 1245 133.1718540780884
363 53422 17.581149796833035
364 12056 3.541631853120555
365 42906 16.678172640182115
366 27404 8.876841900425793
367 19037 122.88909176413172
368 36975 5.565125398264393
369 47654 26.16662702684337
370 1573 220.4254262954114
371 1048 0.6525698188563036
372 43267 4.636532292813712
373 31066 3.7666332816986023
374 44414 3.7870457314860144
375 69813 5.572327748236671
376 19330 5.6548204084343245
377 28651 3.1366674285749587
378 18858 4.403167505023189
379 45787 7.597742151701089
380 25341 4.861739899953204
381 45096 8.460979741991082
382 56066 5.266475365909031
383 65433 8.238062492953635
384 58560 6.500754057547757
385 31680 3.434396221140793
386 51332 8.786434145640829
387 23575 7.79771836780711
388 23057 6.843642904909212
389 26317 6.766232507640962
390 4179 12.256432848337521
391 43728 15.945139128057736
392 26823 8.185211668934373
393 30443 10.587175693478116
394 73343 12.619119856925979
395 39337 22.065442002047885
396 47490 11.18450355754544
397 51536 14.05664929721682
398 48940 18.46136159704215
399 32787 25.18959470082487
400 198 0.17992901897614968
401 571 0.47304466275519425
402 35125 3.6178368393984837
403 3435 0.649244706925283
404 1449 3.348662233184092
405 559 0.09467109500121236
406 79708 37.168650588342494
407 550 0.2245948629877822
408 29429 5.048402926963369
409 61827 22.652611131789026
410 25605 17.50882629572029
411 4677 13.054849288877014
412 24294 15.055765123236093
413 31638 124.22606977329625
414 45 1.5809768230586396
415 43605 43.43447151106491
416 24310 599.0374549997915
417 26234 541.0662597664546
418 2550 15.2970793687075
419 39073 56.8829353649515
420 8099 150.65454975080965
421 51151 15.73267289269294
422 41083 21.881591343280355
423 223 143.4216838070292
424 34722 36.58127219122251
425 8803 138.12211678200825
426 1539 31.454711759282283
427 48030 110.22791572779488
428 7334 21.44168737461332
429 8285 414.63434888501416
430 21583 199.53072755549448
431 9647 89.90909069848972
432 37262 34.98493815415361
433 12768 46.6894908393398
434 3588 78.1601223635013
435 2326 743.8595974189842
436 861 10.573474471696393
437 390 323.9196737591062
438 31753 28.39476746610409
439 26179 36.68801863174656
440 19383 52.13005735933912
441 234 325.79520831756747
442 126 16.30093189620956
443 574 80.68263057589456
444 17220 26.674662585309274
445 1823 6.975716875908305
446 19801 178.87347856437944
447 1506 62.46435620551138
448 7585 29.32174512005461
449 23911 1395.0177641749692
450 3846 0.7990604589673774
451 14 166.0864687403957
452 2432 14.262974963590565
453 1239 73.22350644095648
454 3158 743.380416820464
455 25095 110.22397439679257
456 2632 171.01767652977543
457 32725 170.5694389317634
458 17 41.167288419869124
459 535 100.04268900087568
460 37630 170.09974061655885
461 39837 93.2293512556815
462 763 160.21712919133216
463 8845 2.9929370329128937
464 31894 248.32656020027892
465 12025 3.4847806244662136
466 10162 30.817134673983045
467 5094 12.679627473177481
468 30830 11.001743637422258
469 7788 10.622926438269213
470 1522 6.5051614138752765
471 1257 2.9885072826592247
472 56505 29.726785220626503
473 9391 10.147720761640594
474 632 28.265778065381
475 445 704.3755071452068
476 65 894.8407150921163
477 472 4.175076100738691
478 95397 17.352768429815118
479 88419 24.89814894895266
480 37849 13.929546005618558
481 12 241.576061742371
482 885 10.57088488440873
483 410 7.066650501855607
484 6379 105.47079175656413
485 20769 38.502059855103575
486 78715 82.03245111560362
487 54923 25.472184427109315
488 1692 146.95844420900792
489 8004 9.6474566677529
490 21559 4.884095601987345
491 6455 393.76590354858786
492 707 19.784435680783076
493 8103 16.746924696176198
494 5321 197.8891153163644
495 90 514.1914553272062
496 2637 172.65820304958942
497 1113 27.92600274595867
498 16763 139.6956754239788
499 6220 27.87821796857746
500 33423 40.746703073527755
501 40267 18.646791799807566
502 81516 13.537700560774798
503 19989 10.434633673978412
504 183 0.8287146504153687
505 5268 15.075654404576392
506 36 140.02351516686565
507 313 8.414060991788379
508 2270 1.9174081115433739
509 156 137.71891723050453
510 2534 2.321247048248872
511 54858 37.32637950446102
512 33237 27.32442196643382
513 42400 17.430329406931616
514 4894 10.343022824816178
515 1379 28.029857281192037
516 52606 53.03536232600305
517 1932 0.8648426170314303
518 58271 28.581573737021177
519 28873 4.725104903960945
520 56689 63.518733291428376
521 15271 10.702907503818551
522 49410 8.13725468998312
523 26214 4.237375617184327
524 20970 5.695634883250424
525 84519 29.918428579591875
526 53778 23.41424052929975
527 47672 12.222457401347032
528 44001 16.199030265777292
529 58002 20.21779598978837
530 35000 10.72051299079378
531 75196 31.109500507338257
532 1162 11.880151568269815
533 50216 53.88711530709795
534 18644 18.055584813520372
535 3810 124.764827095724
536 4734 131.32569610361128
537 33555 17.62417818152053
538 44734 135.73377173948296
539 39457 32.26206492076411
540 6643 9.829832416211968
541 3926 27.479968246957128
542 30815 5.8551136144260125
543 73722 10.128625306372076
544 39076 80.68437266890813
545 50320 18.78607931774201
546 1661 158.4570704574693
547 62079 109.40510264912425
548 53892 20.21924117022936
549 9459 29.491588764117825
550 53697 97.30920838243266
551 52516 22.579266776525607
552 15649 18.75217954677782
553 30236 28.479897590259107
554 43400 29.825459809080197
555 17797 20.31026514408561
556 19815 7.059963984389117
557 16675 7.904750137838477
558 3660 53.42669888818018
559 38272 16.467523401652826
560 72492 97.20754381873584
561 29851 21.05166162932029
562 23172 61.24285788196702
563 22871 10.391090228989478
564 20184 13.221421875313707
565 26853 3.37153762874577
566 21495 4.818965956599027
567 11248 9.827469084798848
568 27522 6.070847046395582
569 24748 4.433677684993135
570 14044 2.4033628727237346
571 16366 21.16491427759511
572 38486 7.0588442880816435
573 7248 1.3889747751727035
574 12478 2.570174070304573
575 49341 9.728282138758944
576 61510 6.374746137819944
577 25756 5.029782763472263
578 59182 9.528300131120298
579 16012 3.532251114676979
580 55224 8.192041430307786
581 57245 7.747863696665776
582 45317 8.039728755500025
583 32463 7.645377507540576
584 23881 19.4591175712011
585 29291 6.703512912028936
586 8337 0.6315786019085803
587 49046 8.229708014091186
588 9741 7.38933346409327
589 34797 9.770550674366058
590 3744 0.6534655759022822
591 2756 0.20826505759872246
592 21649 3.308784828346695
593 34464 7.952156148986019
594 29309 11.595656813853964
595 34731 34.92157840113545
596 1945 66.40309105679255
597 63297 16.699103625190542
598 494 15.0721821877167
599 32611 22.67111816734286
600 89747 10.004850987726584
601 43792 10.844617812901063
602 47582 8.802474374398646
603 47222 9.851471512609324
604 21944 9.494368699777759
605 53908 3.2682255670682645
606 65445 4.128679360676575
607 88123 7.51131279372723
608 44706 11.553812990639338
609 36457 3.5372129137277857
610 59492 5.005503500402319
611 56004 9.150389113771956
612 57741 7.010757192697418
613 23032 3.3639194467310274
614 62068 6.275464210644992
615 42709 4.548582464474739
616 85914 7.009621280098595
617 70401 6.315012270327121
618 37173 7.755117398227328
619 36171 11.091941738726202
620 20039 5.088389984818463
621 35533 10.559968617615217
622 3613 10.678356810919587
623 34204 5.976538501336686
624 24752 2.803357776175025
625 51767 7.319997235508427
626 24010 6.022043345374573
627 54083 5.202393601823638
628 32845 4.476421512377663
629 24307 2.1224712238048977
630 16333 2.1766205094386537
631 27198 13.99900655910375
632 5781 2.1012213183999306
633 19704 3.8084176451782787
634 14885 1.931797753503105
635 44515 7.951135294835343
636 25404 3.3352583100771125
637 37184 9.25902204952301
638 52033 6.775087761024375
639 46745 10.03972064735435
640 58763 24.867590892313014
641 30991 27.64725859733713
642 67917 25.735288348826327
643 29301 55.69072250527802
644 46564 14.91192816337373
645 20006 9.546739984895684
646 32990 205.15496481064778
647 50474 20.578546695969248
648 29149 7.044921443651476
649 42901 22.132748105396626
650 34617 52.72316049340769
651 16091 56.94430785007498
652 17334 76.56425280734891
653 36422 47.015147174427064
654 6106 4.620957703278934
655 20589 270.14375047297517
656 59372 14.021365736057465
657 82728 29.313148941230615
658 27732 4.054685967656993
659 41691 15.599019763798134
660 2031 70.59603712449633
661 23641 11.102293138037705
662 56 22.638771299326482
663 333 0.4817269423642117
664 32811 118.91394940825981
665 54366 32.96820911911561
666 40 5.671471836935152
667 72508 31.664890725362433
668 3102 41.58143782905558
669 895 0.5893378656580648
670 31683 3.4299046945391254
671 20249 5.242000735138541
672 24815 97.12814769798162
673 11112 21.201231434276917
674 10858 3.3849079609635258
675 16829 10.5460233792589
676 17370 8.107344898895285
677 53217 170.07699147640838
678 1348 77.32744476036183
679 4143 0.7934056065124626
680 20938 214.746785313291
681 15529 59.61540439569604
682 2113 57.59447534119849
683 2300 149.5337804653921
684 263 58.06372886669745
685 104 58.95584728577893
686 19504 771.6087252141709
687 26079 106.08124014474198
688 55659 141.92533170037854
689 994 64.41016213202532
690 10194 97.27166689575395
691 211 26.36653606117094
692 14945 131.62087044418737
693 2099 28.55088015851811
694 10604 2.4740330843231706
695 451 22.386384801782864
696 5077 177.2671985352828
697 282 93.61321403805732
698 65264 262.6658525058803
699 6987 80.14070528512102
700 4559 2.8812396041989383
701 1490 126.33104207432622
702 1688 63.90767486181403
703 6056 74.79793497112728
704 17489 4.125262356427906
705 3468 41.08252470667818
706 1699 150.3369872756167
707 534 68.03125497106551
708 37412 117.86879089787288
709 17423 75.71760216649652
710 2739 222.99064551650432
711 13522 84.57483895678281
712 270 133.66916680695044
713 4176 679.2078372563889
714 811 136.5678304301024
715 614 216.2342651780626
716 5753 79.88520371522957
717 75004 445.0131224546214
718 2046 0.4326525837185346
719 200 32.87809364367711
720 3099 8.491420037467355
721 63 89.83270154147432
722 19582 90.59284830663309
723 3699 374.0490874861196
724 1587 55.728163605391224
725 6237 75.17180542921434
726 16897 41.96934232899921
727 5837 61.78165458681662
728 2276 379.6281654586817
729 3583 83.75765524782354
730 69721 214.08119265417446
731 161 0.685019776153403
732 50607 39.99722855858791
733 27152 322.1723285976615
734 2040 204.28977315725015
735 2536 47.16533821778325
736 9548 85.43666341311234
737 119 55.887319941250695
738 52849 84.61665189182344
739 39032 108.69077655958252
740 12248 4.181099294668547
741 48731 7.594665303468587
742 37601 5.934560314565164
743 64587 88.08730542380891
744 82658 138.89331224700655
745 52447 315.9781825243978
746 58409 10.618611360361514
747 40829 169.47437594305455
748 56741 15.212773958798264
749 43553 99.68769971135002
750 22393 98.95560249699999
751 28033 69.90955402109971
752 14318 29.092499270266888
753 35440 87.77754877628777
754 28413 187.35500396140833
755 31375 60.509974177486534
756 1261 2.632174743666766
757 1401 212.23835554450446
758 5505 55.97595510095027
759 6314 77.0031556130762
760 154 7.4415761771869215
761 2972 72.24724052775534
762 1384 90.04621295542682
763 13162 2.16653359011702
764 7110 33.00858459575875
765 54017 219.037756159488
766 3338 38.78955539562345
767 2058 40.20004841721274
768 1530 54.88168671051758
769 10789 44.86896580215816
770 19244 68.87210172402344
771 7173 16.801423790380497
772 43714 418.1878197891264
773 7657 9.998549800230734
774 740 169.74526561513025
775 3779 510.1690926753329
776 524 114.10656458639963
777 2899 622.8431170337469
778 36448 427.02617502474914
779 41684 108.112697047245
780 55431 27.534396684463402
781 5255 123.39903968667036
782 1623 354.1122827596112
783 7646 30.197387014920533
784 9153 88.02635996769096
785 5467 163.86428315497986
786 14038 78.22853310517269
787 7993 71.91014784624485
788 277 126.42017800854676
789 1763 643.0354125192858
790 13857 1115.7764190413238
791 2299 19.272307439262267
792 670 593.1104989675628
793 1146 298.1345226309929
794 101 79.05128209088227
795 48 46.20338935933294
796 3074 97.4120968900242
797 229 2.0510087305423808
798 719 136.75618342633248
799 2387 545.4280081606556
800 172 3.832124704824887
801 633 30.619422561031172
802 47 0.7629822995318897
803 509 34.31650494133564
804 2932 113.62248550958537
805 39341 17.779096659907303
806 72046 258.00763053728434
807 70918 242.95110440666133
808 449 267.76241472933464
809 13033 59.40446596663768
810 1259 109.53647854739096
811 2082 106.83537375462744
812 9567 172.26431242152472
813 344 335.48232231191804
814 74929 196.16259148691037
815 50798 73.14104158011543
816 38158 48.47268056840418
817 2138 86.48410108463823
818 72 74.0762594266846
819 32560 81.57699263471491
820 125 3.6600771895468243
821 18910 159.43339389989453
822 34630 264.12054187123647
823 1818 39.55456280106317
824 388 40.18889508368378
825 7285 82.37767935604334
826 64 157.9155845509709
827 1909 44.64082343238656
828 3862 143.61197851109736
829 222 43.51599775751857
830 674 140.67361200129113
831 175 0.41646679444074647
832 1217 0.15021884271278477
833 1114 108.97643888697554
834 5640 61.471062800290966
835 23833 272.19584028960753
836 45614 11.147668251744795
837 35351 6.539395935425183
838 11661 114.85375994020049
839 6042 16.729393340818568
840 2627 13.873590534010196
841 28262 66.64073771770371
842 28965 178.68783059998734
843 9591 174.68431359527534
844 464 66.26187920561794
845 9581 354.54895312256275
846 69 30.831359450314057
847 1134 112.04398282926407
848 7313 24.72021762262991
849 1359 99.5713316046252
850 123 35.65759879968556
851 327 35.886926503134376
852 19162 155.6606810533485
853 15941 80.21236314608407
854 25 20.97324389147749
855 33 1184.7160515801618
856 38776 261.82424397333114
857 11908 195.51620509438655
858 37743 270.5064328483375
859 49068 94.82132117986647
860 11880 113.04518206261959
861 595 31.931318600703943
862 3171 124.51631165858683
863 8637 92.76300314904934
864 318 53.47468598310108
865 10557 42.60553407969458
866 11874 106.86450516373048
867 15719 22.932873048060454
868 4055 0.7078025071930836
869 1674 28.721806819182174
870 415 2.0644879435734835
871 1229 237.36554184807034
872 29776 98.60369893605684
873 6313 109.85373870458088
874 34999 213.5764957212157
875 4675 81.21825120425268
876 30237 78.78713607939497
877 585 191.7120415229723
878 472 0.8444849937528668
879 692 0.37396003379166237
880 2604 111.36716540771617
881 1118 33.657535865031036
882 295 6.805233846643305
883 713 0.8317239307672468
884 3721 78.81361419435147
885 12529 1.5150687956855398
886 48607 5.267621703266578
887 31868 4.727214566245094
888 27156 5.481513041759267
889 36703 4.861190862660368
890 41087 163.3864736052831
891 30202 6.989570994151324
892 36731 11.279575040502118
893 45191 9.916673359104367
894 6959 2.050165097290026
895 76448 19.229928478433106
896 9547 42.636465497137436
897 24979 65.45998938991224
898 40705 6.2947735665184545
899 71820 32.377115260765684
900 15743 3.058708380116047
901 9941 7.968880550797919
902 26863 14.618437228280595
903 61087 9.30474465518759
904 59461 13.076389929219749
905 21726 53.962146928866076
906 13043 214.64463078593414
907 1369 368.88079481449336
908 3281 0.8923933238300717
909 12073 128.97351377689782
910 6279 189.8708287451525
911 1671 54.410736265959535
912 8726 59.247920839787675
913 17547 263.8738229675195
914 506 19.113729484460933
915 15866 361.095751794989
916 592 100.7002808507221
917 22406 12.808281737212683
918 31615 20.49246482995288
919 6 0.16963476278654574
920 15046 2.8632047716051194
921 4509 8.046607165747487
922 302 36.654985660165224
923 33359 28.239864817906493
924 27080 204.02705070448204
925 673 0.12215384781705552
926 25992 5.64937289284738
927 4282 4.38974968223791
928 40737 11.83678766079225
929 47014 6.30105351839468
930 60927 5.74540847293501
931 18424 52.59479850871896
932 1559 55.76312786005186
933 192 4.540139182112041
934 18500 17.470794073177174
935 22385 7.315035822559795
936 40526 11.96677011630942
937 7089 5.192860353020941
938 6534 15.20293993640125
939 21536 3.387980948174277
940 2913 5.773305513384618
941 3040 1.575974483279459
942 32996 3.670498859454175
943 13292 1.5313630796745004
944 28358 10.675033243397266
945 37296 14.6621478555113
946 1554 72.95877200975448
947 36245 3.861769243718504
948 25876 70.90708373938412
949 30949 6.617892052009507
950 11359 2.282293199814053
951 41130 6.1318006106592
952 29166 6.126455026046453
953 214 18.54827010781517
954 63975 10.342794638430757
955 21247 3.494991868688195
956 45697 4.489150142780584
957 54293 6.582269107038334
958 19245 5.991335867193207
959 31176 0.668951748038987
960 27170 1.358325598419761
961 406 0.07755132456212152
962 5846 0.36371790139568216
963 26599 1.794473565128487
964 13768 0.2695576195719826
965 55984 1.1883159304212993
966 69333 2.324268297768175
967 3713 0.34406877560822674
968 79407 3.3668750588805816
969 31124 1.4257081499991506
970 33021 1.1157615402079084
971 43698 2.5865208641893322
972 39169 1.688444116343396
973 38319 1.9489348985400705
974 41203 3.081123541885136
975 56023 2.3648155898791807
976 23088 1.0218472054696779
977 33996 4.928972643888698
978 19289 1.7705522187747589
979 69 3.523508217026488
980 3183 2.3044334568345493
981 2880 0.8808033087411988
982 26881 2.0772092380350795
983 28129 3.1192785449198994
984 26237 0.755059096798904
985 40798 2.39790686288894
986 4792 0.6951186646424616
987 16995 2.3721530756127054
988 45467 7.970067042781666
989 3627 6.499747489177556
990 13862 5.176042900584868
991 26469 4.1878031867329115
992 34429 3.1897205701339155
993 23981 4.8674105825972935
994 39642 5.644044682832507
995 33749 4.297279369634145
996 60212 7.926538655777556
997 13600 2.6804850061081362
998 19681 12.921095387314535
999 13403 15.859041431852194
1000 22452 18.73537444961135
1001 14889 12.693997037824113
1002 3661 17.445917123940344
1003 62439 16.371739946285466
1004 27088 27.83305636937314
1005 2137 5.238758635175143
1006 108 20.161445149552815
1007 54605 75.80669369896694
1008 1360 28.755919332444783
1009 7050 105.64763118593599
1010 211 0.874518723638874
1011 12385 57.26232708414093
1012 26778 5.440035629508708
1013 18453 4.387632297910261
1014 37208 9.803103334841706
1015 41249 12.973511846386932
1016 33569 7.237232373277405
1017 3127 2.351633675522821
1018 31102 14.931053348509723
1019 964 2.3446656895707623
1020 23877 4.836284569658238
1021 40290 10.945199359997035
1022 69277 21.600813208400965
1023 36416 79.17799619148815
1024 3793 3.8116558841199266
1025 68790 14.580671030136047
1026 61148 16.471711065842776
1027 50031 25.447286628355034
1028 61635 7.405350912822762
1029 12717 5.700354596237512
1030 73026 10.957743047458134
1031 29707 21.546452338775314
1032 42209 9.561061672872615
1033 24092 5.448881230337746
1034 412 2.762671101178847
1035 26864 19.206416400384867
1036 46896 232.58043203288972
1037 36867 78.64144080976438
1038 14454 45.03628395189476
1039 47065 48.57386327658661
1040 34143 11.615727177114334
1041 15229 12.216203704418708
1042 66830 356.08586757930925
1043 27184 36.580457129531105
1044 42573 13.76127881673583
1045 36515 17.001769506267983
1046 17672 17.271798942697803
1047 18287 5.533618302478621
1048 84641 30.034417533980854
1049 40884 19.62442490081035
1050 623 131.41318801477072
1051 46016 15.32198411730093
1052 198 2.365856521342956
1053 7911 117.63295351175373
1054 8684 4.336811213024925
1055 94 0.9952250744018891
1056 8742 127.6787610598968
1057 974 0.1668706573157868
1058 164 0.3696349172274157
1059 45560 8.150753208122971
1060 38558 4.4872956940341036
1061 20571 3.127457347292729
1062 27152 3.445051868966188
1063 38537 13.049924941737181
1064 34859 14.858896257434397
1065 28263 112.41570076772557
1066 925 58.23503004647126
1067 69516 19.71945777354953
1068 30842 31.80606358021736
1069 29876 11.492987612297817
1070 35420 5.939654160559817
1071 53042 21.706330299599845
1072 742 4.232782159608462
1073 16425 5.380039598639067
1074 20037 5.957596714733813
1075 20277 3.9102246805776706
1076 25818 15.220254688438711
1077 3021 2.753135921865275
1078 50294 3.247329331255589
1079 28329 3.305328827778353
1080 31403 3.2619622175855643
1081 39016 8.95589284583558
1082 36672 2.287410598041381
1083 24978 5.891848919763335
1084 28019 2.729153957470073
1085 20596 1.708280887787897
1086 29287 2.182041383975524
1087 36565 10.55379600214364
1088 14389 0.8549066636602177
1089 715 0.25404828130477825
1090 16046 2.4286923337096544
1091 23299 15.650340078795733
1092 29870 7.775217491355172
1093 15979 1.2740321576779505
1094 19846 1.3362930639060875
1095 25592 1.06756981113426
1096 12762 3.3161705768520937
1097 19615 1.46945545693648
1098 11710 1.69121710216418
1099 10985 3.3937377316033897
1100 11806 0.5878378587082257
1101 6948 2.152608042971628
1102 2964 0.6218488270988128
1103 29395 11.188027898198756
1104 24904 11.677318582171036
1105 38559 6.198604395078278
1106 13648 1.982463239211919
1107 59861 8.332924708531468
1108 41157 13.154190675786914
1109 29040 20.050260078425072
1110 11995 7.240120031444161
1111 12474 6.533339150606103
1112 425 12.323884898308409
1113 1411 21.402334682631736
1114 1638 23.104128281675436
1115 9253 3.1602026727536963
1116 43170 7.703743801129581
1117 264 1.0617439154158244
1118 8500 15.976680200834908
1119 8470 6.352524413240524
1120 865 1.094602368814064
1121 837 41.59986571366354
1122 812 10.581892271315542
1123 6859 2.1395936969592135
1124 268 22.77149623859261
1125 30496 22.244494569086807
1126 17167 26.41817066333898
1127 699 43.692346837128206
1128 24283 22.69369742253632
1129 17202 14.799257757178797
1130 89 8.602346034035678
1131 4124 14.655817324250151
1132 32858 180.25827455571223
1133 37365 61.994044760052944
1134 1756 58.410543214872035
1135 1332 1.141167835526651
1136 15740 5.933136369743798
1137 569 2.6619787427586536
1138 5094 0.3874855790837641
1139 10847 13.487805735007267
1140 683 6.942739116937994
1141 337 12.379214498291113
1142 52 11.567485254757937
1143 1429 3.9840659493403057
1144 2077 11.865231035819471
1145 23974 35.10966884788655
1146 3918 18.151633134979775
1147 6311 11.942366528339127
1148 8979 53.48079296120291
1149 676 0.572301107186597
1150 45260 6.473970921872997
1151 9137 1.3724399495287236
1152 10320 14.925057181732116
1153 80 1.5067672128210632
1154 60717 27.128355034849584
1155 834 50.01469813759755
1156 7778 18.799826099580383
1157 7727 1.2159608461506386
1158 57349 156.01348770727895
1159 48841 412.1734536993994
1160 12791 10.336483412278358
1161 25089 16.020251445180442
1162 9372 91.54448398988721
1163 66943 23.38328131250029
1164 45579 244.1454002875689
1165 1377 14.751830896513805
1166 160 0.04049516831738217
1167 639 858.5589076088384
1168 4046 47.4873899029648
1169 6417 19.506779568090664
1170 35923 5.274190073467522
1171 54327 6.653030438751068
1172 2206 0.17078496116584324
1173 23364 6.2326176800819155
1174 46377 67.82481154352838
1175 36079 5.046903692217879
1176 7331 1.8756700803246964
1177 8113 11.189814006860264
1178 14749 18.948454201332208
1179 30617 25.458877415648256
1180 10154 21.20116077757889
1181 331 93.00608960350395
1182 82474 136.50057529224074
1183 18730 4.670353685036378
1184 58466 5.422850607802044
1185 55927 7.091588069133911
1186 893 0.3400035058077489
1187 51496 3.591084205795548
1188 30067 2.5673879570098395
1189 31932 4.078752488428518
1190 9970 2.8340737486042404
1191 37457 39.73601537922183
1192 37469 4.429467626877035
1193 56545 4.754731682154512
1194 62228 8.292964677828623
1195 47082 6.5454758863747635
1196 51939 7.99351850278843
1197 31049 3.286974688685816
1198 61325 12.996848634047725
1199 34836 3.900592203516001
1200 38720 4.516921313921146
1201 13911 1.5483758998111188
1202 28565 5.833228570943186
1203 40299 51.39930493886458
1204 25401 3.1953240709995567
1205 15268 10.068056685976924
1206 20120 30.272678483452435
1207 42989 4.661061363990876
1208 18889 25.611571173302732
1209 6748 1.2302574374861968
1210 191 123.61047966245404
1211 45528 9.41678262601989
1212 6521 1.0779683149111114
1213 15696 6.170060247383385
1214 27786 5.101200082780307
1215 38069 9.088501568347034
1216 65004 144.97219485186804
1217 47965 7.263567630429176
1218 39488 8.38242262126311
1219 39009 6.62050866644942
1220 1545 0.15467832283392818
1221 25239 21.564572113847632
1222 23224 94.68315606095473
1223 27884 56.66589150220001
1224 7273 57.55950529500523
1225 5292 151.0967263168787
1226 4612 287.4054370136078
1227 429 11.365175051004098
1228 672 7.002776460740359
1229 84 5.6439867675062585
1230 941 37.12572374852702
1231 3976 106.81131418369506
1232 718 118.72743194176961
1233 4374 10.591327450165792
1234 304 7.898265551809507
1235 436 7.002608506294238
1236 70 33.56691498184548
1237 4223 108.05540566211117
1238 3167 7.984874061192562
1239 47172 82.70538087435155
1240 25393 96.03646966704093
1241 2277 68.44536924495404
1242 1615 52.16021850294287
1243 4368 41.68228231173272
1244 301 31.811205302881714
1245 4042 83.80087977241594
1246 78 10.64326282592815
1247 767 10.994216189418639
1248 13460 122.4673832465633
1249 480 5.5522820955155
1250 2042 44.601749892277496
1251 413 15.200533747646707
1252 4018 3.222935395839672
1253 37073 62.343769932524786
1254 912 38.972706051147725
1255 15706 159.48665939764973
1256 245 14.262307392930007
1257 970 136.78769438314
1258 42753 33.4969262405849
1259 1882 39.5441847607016
1260 2197 239.57957951928734
1261 268 0.9801605258402741
1262 1386 51.500315831579144
1263 13018 18.25289576631243
1264 6573 66.52770939479257
1265 817 52.98489259409696
1266 541 39.54199324475635
1267 1749 0.6233608032160767
1268 12819 88.63206316013819
1269 3736 175.14390993317343
1270 8942 174.33510927463757
1271 1260 29.874750771046042
1272 7324 41.413597283076214
1273 81 40.70571716934596
1274 9581 27.46407242041276
1275 9806 157.09408576410394
1276 3993 1.0167981473273235
1277 2460 108.21070136232291
1278 17853 21.51817962090944
1279 2942 116.6819074065208
1280 15457 56.01433558765523
1281 541 42.09130042301354
1282 42675 38.29851721320716
1283 31557 45.43050740003429
1284 11062 340.3302007576869
1285 33931 39.72953735692984
1286 32967 149.57689688137552
1287 708 31.956012537509828
1288 1272 6.004057933859153
1289 30805 47.509125911008084
1290 51046 8.903084879157742
1291 46458 8.88373922967983
1292 25394 7.296480524234089
1293 58311 9.479016118993602
1294 30918 22.727537347663386
1295 11559 39.840123969686346
1296 31668 119.01565065166325
1297 11712 334.66824363665006
1298 31610 231.63656549760077
1299 25237 117.82395864382383
1300 53 271.97218558541584
1301 4985 15.171508902743952
1302 16575 34.39497827789163
1303 23173 4.438246818131976
1304 13614 3.305973618410587
1305 1099 159.3094902370204
1306 26803 103.18135141938882
1307 1963 2.679209710624142
1308 2030 46.58308378262756
1309 106 3.046109093941748
1310 49859 7.630986321172144
1311 30902 108.03917547108327
1312 3898 53.89474545828011
1313 41201 75.06997252496923
1314 36176 10.524885829586855
1315 3937 78.34956107904748
1316 429 24.740213854272685
1317 9877 85.18985725030386
1318 636 116.03308355096625
1319 13074 38.77804955080873
1320 1272 236.06824935096225
1321 9959 23.740180649485634
1322 36981 20.625502125878576
1323 45164 22.02629433032122
1324 39761 79.98118408270618
1325 21399 5.476465528025613
1326 39352 22.68541630308712
1327 27187 38.3892435022865
1328 950 39.861467697919835
1329 401 85.68494139741188
1330 1592 55.29210791710232
1331 297 75.32672274929459
1332 374 2.0057548529182374
1333 1592 216.63243574873707
1334 15585 35.239127748854436
1335 3747 102.87150403785654
1336 10841 205.7315744320051
1337 2147 20.280859988540488
1338 459 69.66289882424165
1339 2516 225.22152457849225
1340 70 39.96509713558518
1341 44 0.23757947913272184
1342 631 0.07592158728148547
1343 426 72.9237143183675
1344 82 0.1542590158718882
1345 5418 22.978549321464037
1346 14799 97.7710487461718
1347 675 2.7381887483648573
1348 2014 101.93456263117821
1349 3178 24.41237681410107
1350 233 4.185666111194338
1351 748 0.2706101341010074
1352 2093 85.54440985826962
1353 4750 32.91905676783058
1354 16852 188.18264795049242
1355 1507 130.59085177228621
1356 387 27.44993837809287
1357 11213 96.20253414301533
1358 1393 14.369875458882435
1359 11256 83.70868359235641
1360 2556 267.0282920229746
1361 795 10.07528297428405
1362 2893 148.43256957175092
1363 3104 48.99306753544804
1364 504 67.07125206757715
1365 2285 27.312900677532095
1366 3413 125.1975572859797
1367 1417 5.873748063697592
1368 169 11.283812125770467
1369 2673 3.324286058468225
1370 2083 41.71465890961657
1371 946 94.02946384307572
1372 5498 9.842949851505104
1373 1258 65.18524796253882
1374 1767 174.67694908238957
1375 6032 82.53676928232872
1376 522 1.4418468348115898
1377 28255 69.14110026764602
1378 35394 111.99872354620948
1379 31808 310.8603676928233
1380 2557 104.7624556561652
1381 62 0.019368815608412086
1382 280 88.71836549049648
1383 13264 392.6140236943183
1384 28532 19.029415580303848
1385 198 4.530836050205638
1386 139 102.94271981182925
1387 1305 16.13369521403188
1388 23976 7.042300968189814
1389 24152 86.44478005303499
1390 360 58.38713422610452
1391 254 86.69771906279102
1392 17432 56.85116765019761
1393 20199 53.65646790641501
1394 1787 10.447183925176487
1395 1733 83.3983535831054
1396 378 110.08166215441925
1397 627 137.61017348342926
1398 1139 102.5892618035296
1399 24528 195.08786063873654
1400 2849 147.18815917293824
1401 276 0.17824484128883994
1402 13657 27.76748733970968
1403 2533 197.5976880973966
1404 765 101.93375297491725
1405 153 47.94324336637853
1406 3494 136.6014811651637
1407 1222 7.543026840278797
1408 1373 87.22619641480965
1409 805 112.33345830173731
1410 128 134.93031936827506
1411 1739 42.56834278768859
1412 697 539.7117704792455
1413 1062 59.222819179085
1414 533 50.218268578850555
1415 410 85.94446537976238
1416 605 136.98155705740723
1417 425 200.83908882975518
1418 182 18.053257389609527
1419 1648 33.34648384471279
1420 3450 24.599914362537586
1421 652 60.21846819367503
1422 462 3.3021600872282035
1423 1071 33.25686142175176
1424 1930 62.53219011053333
1425 136 81.53311945846853
1426 361 61.85579122374312
1427 2579 23.709502515069566
1428 271 0.7528633337297316
1429 1744 120.17045600211276
1430 508 54.51085255993464
1431 201 13.003166423937099
1432 1612 186.60914529333726
1433 262 244.80597863773886
1434 198 1.7523019411672949
1435 17509 49.3618186647969
1436 27844 39.03143219196382
1437 75 0.40053621870062717
1438 14179 3.89957868530665
1439 196 36.36107425980352
1440 431 134.1606316322701
1441 59418 13.014659913482225
1442 44147 7.831421998866404
1443 1239 55.497147477131165
1444 3833 35.49757759495411
1445 834 23.217501779931027
1446 47032 27.558213011025533
1447 27281 34.93129736508432
1448 4842 6.010652172905821
1449 20553 240.76824757489223
1450 39819 6.792087067584869
1451 3806 52.34464368174679
1452 61989 43.98610804374383
1453 155 1.1549960849239456
1454 5975 23.147982925017413
1455 3513 51.49503974535789
1456 40196 12.835948660765995
1457 832 46.500422009677266
1458 72180 27.682117446103998
1459 6076 152.24715983240077
1460 29269 110.86425535562327
1461 3349 41.25970506427057
1462 3232 81.12686120553454
1463 1262 20.279400136216847
1464 1101 115.93858658804596
1465 370 21.129625311005302
1466 2255 78.68710704451141
1467 283 4.522868831824703
1468 11353 115.38625198263468
1469 1986 44.61952565031189
1470 7164 66.26431319372908
1471 2037 128.0683563012647
1472 158 3.8355467284018303
1473 47354 141.71540872004041
1474 12447 24.656388755469138
1475 637 11.605181568408812
1476 739 3.7946990487986816
1477 527 5.072423887678244
1478 4314 9.5125498650959
1479 6285 24.81191225596412
1480 702 50.04776856108986
1481 30714 6.231726942364212
1482 29791 9.008300810660126
1483 31558 10.799034976223828
1484 2377 7.993021975391391
1485 1380 37.73469645419207
1486 4426 20.28794264683852
1487 5336 55.720994846308166
1488 36726 173.19241556331536
1489 815 60.71483690271924
1490 2443 88.32341925908537
1491 52973 12.619239548600225
1492 4773 22.486655150525795
1493 15455 16.18367498227791
1494 935 32.043073944744144
1495 381 0.6892750082239764
1496 23333 8.86509088072995
1497 41192 10.837281485474064
1498 55 45.90326441666911
1499 146 2.010416650579076
1500 1226 17.239217710661208
1501 29114 81.14488213845006
1502 6180 90.78077427385765
1503 3422 145.39911150167492
1504 4680 49.3692538343807
1505 1405 27.251689197015583
1506 65096 43.51216144630786
1507 34379 81.1818363637206
1508 1244 27.74945212101369
1509 2533 57.27954029130637
1510 34737 41.56254276081588
1511 4769 54.334251355604735
1512 6758 62.83104168822404
1513 9156 149.19462483996065
1514 37946 142.16664594584995
1515 425 0.23176053325343593
1516 236 42.983730040448066
1517 154 4.060961672409293
1518 983 33.325213475892554
1519 897 4.452066187179246
1520 4772 22.324474862431796
1521 9495 71.21863769252985
1522 382 3.362412876044213
1523 115 26.05586319318854
1524 231 10.2186183874211
1525 157 121.08000037065808
1526 37 12.530241452856153
1527 4585 10.925387685193908
1528 27 1.1925348688874233
1529 8842 74.29890485979085
1530 386 12.416390346210099
1531 68 21.661288778171944
1532 240 0.2502980708790929
1533 7749 49.76718154678709
1534 21460 17.640378256578796
1535 51870 46.737426582671425
1536 40222 60.45663725082896
1537 60435 12.83203590132464
1538 38797 41.36007850229422
1539 33974 12.323313080987248
1540 21902 92.42366142236952
1541 7595 2.8429027470397545
1542 9922 1.396490640111074
1543 24680 7.901461319511905
1544 15579 2.046872417941705
1545 13534 2.2911164067169425
1546 19811 3.822972924971081
1547 17141 3.4190243352478853
1548 34480 5.19435727115338
1549 33550 7.151974063200293
1550 42347 8.452626035332981
1551 73985 11.803727275956492
1552 30221 4.061118429892339
1553 31084 4.7152592984986805
1554 36628 11.420751756378793
1555 20269 7.711262368783176
1556 57862 12.320401098383467
1557 24755 20.780715200224865
1558 934 12.958481660918892
1559 41321 7.026897035816382
1560 11924 8.360078116192044
1561 37293 7.820357468837694
1562 25899 9.955326433944867
1563 35936 8.931137904886047
1564 315 18.03956890919958
1565 36764 9.083602703950753
1566 19448 4.0756022807827685
1567 31806 3.9214000219306033
1568 45048 6.448425629771258
1569 22447 6.331275666142083
1570 31314 196.5560643524217
1571 1732 14.575773710148464
1572 86 34.274171926665296
1573 4685 180.5421187279632
1574 578 14.65522774622894
1575 44 22.56269758778805
1576 1441 96.81982387563185
1577 3155 68.91001077997272
1578 2339 69.02162210790166
1579 1378 24.71266893900667
1580 274 69.07869766191966
1581 687 62.79480599910116
1582 58 9.933861083526256
1583 295 33.304822261724766
1584 37725 7.650887185577694
1585 36511 137.45285692443363
1586 69 16.787012912801142
1587 7718 124.17460389777868
1588 274 20.810121514076513
1589 631 23.61109897034272
1590 352 104.93223327675649
1591 1491 50.864329487240866
1592 3787 71.84649426947152
1593 604 305.8643580588018
1594 563 15.803897547015662
1595 1301 55.90410611941059
1596 879 63.29862802453139
1597 46 50.512066465172815
1598 25199 64.22672884970896
1599 9790 41.857391231156285
1600 1899 130.54980061683685
1601 10810 78.02237076001896
1602 19741 139.56200492048612
1603 569 50.99220189437171
1604 2601 18.373775476952016
1605 10718 113.75454365039529
1606 12251 71.08947802074759
1607 1517 122.9977660128155
1608 401 67.73106439103192
1609 761 69.87220172448676
1610 17838 247.91518030199367
1611 796 48.28775847610105
1612 26510 45.768491977569006
1613 1567 29.70764999683396
1614 15493 305.7053538471993
1615 20384 320.2335767578846
1616 30643 184.0581319295688
1617 1412 1.5474928841369149
1618 27549 59.0452129507936
1619 530 46.82048797137284
1620 5970 101.19347193886613
1621 31957 332.779515194665
1622 1769 9.369362329091873
1623 1678 39.12787086272214
1624 143 6.326076800355832
1625 597 284.41626447690106
1626 97 41.04546237279864
1627 3221 44.36399357834863
1628 428 117.87162025461122
1629 120 33.18315297213732
1630 162 8.209658500348263
1631 5992 334.72334157532777
1632 8857 310.5410137035384
1633 40593 40.69225919193448
1634 36067 85.538892458189
1635 33865 87.9600855293538
1636 33298 30.249899999536677
1637 44461 237.54961644609938
1638 557 161.59339850223245
1639 22841 129.62256581883776
1640 1231 36.345979981374434
1641 569 220.42260350241006
1642 239 402.1006969916463
1643 218 319.0500454056158
1644 4212 229.75720466658532
1645 211 132.72682962237664
1646 465 241.99071771761103
1647 366 42.10899857451077
1648 171 146.10267190427138
1649 10082 10.942357647989102
1650 2416 39.982327331246324
1651 16097 238.56801305643114
1652 15768 242.0303750442087
1653 1240 249.87868862712878
1654 1145 178.55691261890016
1655 2310 91.73731538524503
1656 2227 476.29504229363226
1657 1464 167.33989539719875
1658 124 34.87124110227538
1659 158 354.462883611816
1660 2407 455.5180614736439
1661 432 141.61311867082009
1662 294 110.44527271941028
1663 3324 45.9048115280843
1664 308 4.0120332603857625
1665 589 17.831705011760672
1666 1251 622.9294162752877
1667 341 123.18145103374997
1668 2747 329.08511197735277
1669 1022 140.95362372335316
1670 304 179.36808626140353
1671 1004 205.89062690637948
1672 736 153.50531932966484
1673 95 15.842015484241626
1674 414 286.1201507497332
1675 1139 309.5299009107378
1676 1460 77.08289613697052
1677 366 127.74137795233028
1678 3935 62.84381047325316
1679 1642 337.33252239006515
1680 1355 316.2833839384584
1681 798 434.9322220797934
1682 688 78.52473177481903
1683 36 41.27073561730788
1684 1105 72.91537875851162
1685 125 11.981104931760301
1686 4574 479.1795340364511
1687 357 84.75220734613443
1688 7165 135.93145875579347
1689 183 40.08080346318207
1690 982 88.60793717963172
1691 125 80.16937877704453
1692 4082 44.518378077427386
1693 260 100.1204241100731
1694 369 68.7870970830753
1695 166 207.05152147423078
1696 28764 612.0843212400985
1697 625 105.31357017870353
1698 85 74.63766781931037
1699 338 256.8433575754019
1700 600 78.26687150674057
1701 4506 157.46215503701174
1702 421 1.0274163432417447
1703 699 452.2245790327986
1704 496 49.44540785517153
1705 4133 58.659813481761304
1706 6630 247.40006749066018
1707 695 113.87857125206757
1708 10031 190.72157554397936
1709 5490 584.5408793399815
1710 1725 125.70909401896843
1711 748 211.02153600711662
1712 527 253.25019575380273
1713 479 23.409224675944444
1714 1269 88.90624396715351
1715 122 197.9473719569357
1716 2197 197.90801579003454
1717 166 163.61331751344022
1718 160 33.540101730201066
1719 214 126.7462285539547
1720 1000 6.836546346932882
1721 3220 67.98208447297826
1722 145 99.58619576615799
1723 233 251.01823444741828
1724 405 326.6813131952735
1725 1627 202.79024690461887
1726 90 162.1417396528478
1727 957 210.66121580486086
1728 368 33.477756267596604
1729 3883 61.302678622449214
1730 48 204.48431344083448
1731 326 57.68590279182761
1732 258 98.91849885018772
1733 215 88.70825501894217
1734 752 31.415210804065502
1735 261 94.40230881378601
1736 23150 479.9241309226143
1737 119 388.3895334650199
1738 110 12.71271797398289
1739 2512 331.7194334491125
1740 128 33.27764646013804
1741 104 148.22083345559903
1742 3297 48.40377638815315
1743 1170 4.698150725022664
1744 744 11.992715410264449
1745 1037 20.207353084261396
1746 4414 5.502769510901209
1747 3161 37.22239215007946
1748 1366 20.92954060018811
1749 788 1.3596800448496287
1750 29792 123.5416249032814
1751 8 37.04322722730762
1752 18451 181.83930118595143
1753 289 44.79850022471147
